X-axis,Y-axis,time(in seconds)
73.91,34.84,1
74.67,32.64,2
74,33.2,3
71.46,27.7,4
69.32,35.42,5
75.06,24,6
74.11,16.64,7
73.37,18.73,8
56.63,26.9,9
73.35,38.83,10
74.15,28.9,11
75.82,17.56,12
74.78,33.21,13
75.43,32.41,14
75.9,25.12,15
79.76,29.49,16
76.47,36.91,17
74.7,19.19,18
78.75,30.53,19
74.6,31.88,20
74.58,29.12,21
74.58,28.47,22
65.73,33.88,23
66.04,30.09,24
66.02,31.5,25
63.31,27.19,26
60.51,26.51,27
66.6,24.27,28
65.12,9.43,29
65.18,16.36,30
48.05,27.68,31
64.46,19.36,32
66.8,27.55,33
70.54,18.28,34
66.75,31.6,35
66.19,30.29,36
67.4,25.54,37
71.79,27.49,38
66.92,16.56,39
67.09,9.5,40
71.07,27.16,41
66.46,29.67,42
67.34,27.82,43
67.91,28.48,44
44.75,26.53,45
44.38,23.42,46
43.39,25.36,47
41.97,19.13,48
40.95,22.46,49
44.63,16.18,50
42.62,9.08,51
39.87,30.49,52
28.24,22.66,53
42.27,32.89,54
44.65,20.43,55
45.12,28.98,56
44.22,25.23,57
44.81,23.31,58
45.24,16.56,59
49.51,20.52,60
43.83,31.83,61
43.36,9.43,62
48.66,19.11,63
43.16,21.98,64
45.46,20.03,65
43.3,18.98,66
11.91,22.64,67
9.67,18.48,68
11.28,27.79,69
11.17,29.14,70
9.76,25.49,71
10.87,20.32,72
10.32,33.65,73
11.13,26.69,74
10.06,26.98,75
9.2,29.84,76
12.21,22.05,77
11.18,20.69,78
10.92,26.84,79
11.56,28.78,80
16.3,24.86,81
12.64,27.01,82
11.76,32.49,83
11.47,22.64,84
15.53,25.36,85
11.49,26.44,86
10.29,25.22,87
11.95,23.47,88
29.51,27.27,89
33.19,22.01,90
33.34,27.69,91
31.36,34.73,92
34.25,35.99,93
33.61,23.61,94
35.07,26.4,95
36.19,10.91,96
34.18,24.54,97
33.8,37.41,98
29.99,27.12,99
35.7,36,100
49.41,18.58,101
34.47,23.45,102
33.95,21.12,103
37.61,12.4,104
47.72,32.57,105
36.52,26.79,106
39.79,39.18,107
34.33,31.12,108
38.8,23.63,109
34.25,27.61,110
36.76,8.03,111
40.93,29.34,112
35.88,25.65,113
28.07,16.68,114
38.89,25.06,115
41.11,18.7,116
37.94,31.14,117
37.06,36.95,118
20.17,29.96,119
30.7,44.67,120
38.68,22.39,121
38.91,30.53,122
37.74,7.32,123
40.89,28.21,124
41.77,20.11,125
43.49,23.41,126
37.73,45.24,127
38.42,36.16,128
42.88,22.73,129
39.36,25.2,130
39.25,24.07,131
39.69,22.23,132
28.01,34.55,133
29.09,29.57,134
30.7,35.05,135
29.51,21.05,136
14.07,27.65,137
27.97,26.84,138
28.82,21.65,139
26.63,8.47,140
26.09,26.7,141
26.65,17.47,142
29.69,25.19,143
29.79,35.1,144
30.09,29.49,145
31.38,22.82,146
33.05,29.2,147
29.89,19.06,148
29.34,23,149
35.28,24.98,150
27.57,8.04,151
29.72,27.52,152
28.57,26.46,153
30.38,25.08,154
18.53,25.16,155
19.08,24.58,156
19.49,26.02,157
19.18,27.6,158
18.54,28.63,159
18.43,23.93,160
18.4,18.83,161
16.99,8.53,162
19.81,21.9,163
18.29,30.58,164
19.86,22.53,165
19.72,27.93,166
19.3,24.93,167
19.78,25.98,168
23.45,24.44,169
18.23,8.3,170
19.62,29.15,171
18.67,19.57,172
22.74,25.43,173
18.96,23.87,174
19.1,23.25,175
19.29,21.68,176
18.09,18.15,177
14.64,23.08,178
18.35,19.34,179
19.84,23.81,180
18.39,16.44,181
17.88,20.6,182
19.99,22.34,183
19.28,30.04,184
20.36,21.44,185
14.23,20.34,186
14.57,22.25,187
19.41,15.64,188
30.88,33.62,189
21.04,22.04,190
18.5,18.6,191
27.76,12.79,192
37.98,22.34,193
22.23,20.8,194
18.97,29.29,195
19.88,24.37,196
20.19,26.96,197
18.72,20.4,198
54.12,28.62,199
58.7,23.4,200
59.04,30.01,201
58.04,32.28,202
58.07,22.56,203
57.55,25.92,204
60.15,29.26,205
61.04,39.37,206
58.53,26.81,207
59.68,18.09,208
53.64,27.84,209
60.22,20.85,210
69.47,37.07,211
58.13,25.54,212
59.29,22.38,213
59.66,17.07,214
74.1,20.6,215
63.24,27.24,216
62.66,40.82,217
59.79,33.42,218
64.17,31.58,219
60.01,30.12,220
95.54,24.37,221
100.32,22.42,222
101.5,27.16,223
99.28,32.46,224
99.28,25.7,225
101.89,30.38,226
100.81,25.17,227
101.97,15.73,228
100.29,23.77,229
96.97,31.34,230
96.73,23.79,231
104.57,30.74,232
101.52,25.38,233
100.33,19.64,234
102.83,15.6,235
104.51,36.06,236
103.74,24.75,237
102.59,31.05,238
108.23,23.74,239
100.16,27.39,240
101.67,29.55,241
101.33,22.4,242
83.89,36.23,243
84.55,33.16,244
82.32,29.45,245
79.59,26.5,246
84.26,31.79,247
85.18,24.01,248
82.68,9.81,249
83.37,19.74,250
66.23,25.74,251
80.53,22.28,252
85.37,27.09,253
84.52,20.83,254
85.17,33.32,255
85.01,31.78,256
85.94,25.09,257
89.79,29.69,258
84.04,23.5,259
88.63,29.13,260
84.43,9.7,261
84.72,31.31,262
84.13,29.82,263
85.86,27.67,264
40.81,33.13,265
36.86,33.13,266
40.26,32.67,267
37.39,31.05,268
23.2,26.53,269
39.69,27.98,270
35.01,8.86,271
35.76,14.52,272
38.5,26.52,273
35.34,36.58,274
40.14,34.56,275
36.61,13.9,276
41.25,27.84,277
40.18,33.62,278
38.28,25.83,279
45.07,31.17,280
45.71,30.09,281
42.11,30.34,282
35.91,8.57,283
40.28,32.02,284
41.05,31.5,285
37.46,30.25,286
18.93,42.83,287
23.61,20.33,288
21.86,29.05,289
18.14,20.97,290
12.66,33.54,291
21.98,21.36,292
21.44,14.7,293
20.05,14.43,294
18.94,15.63,295
17.3,26.87,296
22.31,24.08,297
19.87,15.07,298
20.77,42.2,299
21.08,24.6,300
24.35,15.22,301
26.43,23.84,302
22.32,14.72,303
26.33,29.61,304
29.07,19.68,305
22.64,21.03,306
19.82,20,307
23.64,19.46,308
16.63,18.83,309
17.12,22.33,310
17.55,28.83,311
16.48,23.78,312
14.01,25.76,313
18.13,25.32,314
17.5,20.49,315
16.28,16.33,316
15.88,34.29,317
11.56,37.25,318
18.2,26.97,319
17.29,30.79,320
18.44,20.68,321
19.06,27.21,322
17.73,22.21,323
22.63,23.52,324
18.33,17.94,325
17.66,34.68,326
21.94,22.71,327
17.98,26.59,328
18.58,24.86,329
17.57,23.35,330
69.79,31.68,331
65.14,31.55,332
65.81,27.76,333
66.9,28.2,334
65.19,37.81,335
72.89,25.79,336
64.55,29.92,337
65.7,31.44,338
64.66,27.7,339
69.37,31.74,340
68.37,36.82,341
61.55,26.31,342
56.9,36.84,343
64.44,31.69,344
65.82,34.69,345
64.6,38.69,346
51.65,22.58,347
61.33,32.01,348
63.93,21.18,349
64.13,26.89,350
64.74,25.85,351
63.75,29.5,352
30.65,23.81,353
27.83,28.81,354
28.09,25.42,355
30.22,20.81,356
44.5,27.99,357
27.88,30.61,358
26.73,36.33,359
29.29,44.31,360
31.16,30.65,361
34.31,28.78,362
27.02,33.36,363
25.86,24.98,364
26.86,28.48,365
26.03,35.24,366
24.71,30.9,367
24.18,29.83,368
27.4,21.96,369
21.54,31.74,370
28.09,44.24,371
27.16,30.02,372
26.96,32.32,373
26.31,33.21,374
40.24,35,375
31.41,18.05,376
31.7,14.38,377
35.59,21,378
45.73,21.67,379
31.27,19.63,380
31.7,27.49,381
34.85,43.23,382
32.13,21.01,383
34.44,15.39,384
30.59,25.08,385
31.56,15.55,386
31.61,17.36,387
31.27,24.73,388
26.52,20.88,389
32.44,32.8,390
31.05,14.67,391
27.02,19.57,392
33.59,42.83,393
31.27,18.75,394
30.58,19.76,395
31.57,21.28,396
64.04,34.65,397
58.46,33.98,398
57.01,25.18,399
61.86,27.02,400
74.61,22.5,401
57.4,31,402
56.56,35.92,403
60.15,32.72,404
57.22,32.3,405
66.92,10.29,406
59.9,27.56,407
56.52,35.06,408
60.24,25.63,409
57.71,33.3,410
52.05,31.51,411
55.98,26.51,412
51.6,30.02,413
55.37,32.88,414
63.03,10.68,415
59.63,26.79,416
57.33,30.34,417
57.27,31.47,418
73.9,26.41,419
78.31,33.82,420
73.95,21.98,421
73.1,19.86,422
73.92,29.18,423
91.4,26.89,424
73.53,32.77,425
76.91,43.76,426
76.04,26.81,427
74.5,21.14,428
72.28,28.77,429
73.75,21.1,430
74.04,22.56,431
73.65,29.77,432
68.89,26.46,433
70.69,29.15,434
73.32,32.18,435
69.04,27.93,436
75.97,43.6,437
73.45,25.89,438
75.46,26.99,439
71.64,29,440
89.45,32.06,441
95.52,39.49,442
89.04,33.65,443
89.7,25.76,444
91.25,30.93,445
104.02,28.57,446
89.99,36.64,447
98.14,43.26,448
91.01,34.39,449
93.29,21.37,450
90.14,28.39,451
89.38,36.85,452
89.68,28.88,453
87.23,36.55,454
85.19,30.05,455
85.75,34.4,456
90.42,37.93,457
89.02,28.06,458
83.04,34.24,459
88.67,32,460
90.82,32.42,461
88.2,34.15,462
99.53,29.64,463
111.71,28.62,464
99.88,23.73,465
102.05,31.23,466
100.71,24.56,467
97.74,36.2,468
101.11,36.09,469
100.71,33.18,470
106.04,12.67,471
99.86,32.27,472
99.26,27.82,473
99.77,24.73,474
98.49,28.4,475
99.27,32.12,476
94.25,30.14,477
97.98,33.83,478
99.49,12.42,479
98.03,35.74,480
94.78,31.28,481
98.22,31.95,482
99.04,29.93,483
99.89,31.8,484
108.21,27.42,485
101.63,20.57,486
104.44,24.31,487
104.29,21.57,488
103.45,26.33,489
102.73,31.95,490
106.05,32.8,491
105.97,26.47,492
108.39,10.38,493
104.07,27.69,494
102.76,23.89,495
101.58,21.23,496
103.32,22.07,497
103.18,28.3,498
97.12,26.58,499
100.38,23.28,500
104.97,10.44,501
102.56,30.32,502
97.34,24.95,503
101.87,23.98,504
104.23,25.54,505
102.05,26.08,506
107.65,26.4,507
108.07,33.3,508
105.27,23.18,509
106.55,21.22,510
109.41,29.52,511
107.43,30.46,512
109.83,19.08,513
107.73,24.16,514
109.67,25.67,515
107.21,29.39,516
106.93,26.56,517
106.85,30.28,518
107.25,23.73,519
108.11,23.86,520
102.63,25.95,521
105.99,28.45,522
107.51,32.49,523
108.29,28.98,524
103.24,27.03,525
107.78,24.02,526
107.1,26.46,527
107.14,27.17,528
89.54,31.34,529
92.11,30.28,530
88.17,35.54,531
87.6,29.55,532
87.55,17.9,533
88.43,33.64,534
86.99,31.79,535
84.75,42.29,536
87.66,32.77,537
84.74,18.4,538
91.5,30.7,539
80.86,25.04,540
70.65,28.9,541
87.54,33.73,542
86.63,32.85,543
87.39,36.4,544
79.98,42.78,545
83,33.24,546
82.57,13.93,547
86.46,25.46,548
86.7,29.72,549
85.74,30.65,550
80.33,30.14,551
74.6,31.61,552
72.33,26.85,553
76.35,29.1,554
73.68,25.79,555
75.69,26.76,556
73.5,28,557
71.45,38.94,558
74.2,29.94,559
73.57,24.44,560
79.14,28.93,561
75.59,33.72,562
58.41,35.33,563
73.58,30.15,564
72.89,27.86,565
74.13,32.47,566
69.91,41.05,567
62.21,22.07,568
70.36,28.23,569
72.9,20.63,570
73.66,25.23,571
70.72,25.06,572
78.15,25.6,573
72.98,30.61,574
72.78,23.82,575
72.23,31.03,576
78.37,26.9,577
73.59,28.96,578
72.14,21.59,579
71.67,24.05,580
71.06,18.06,581
71.76,27.34,582
71.8,35.9,583
69.34,31.08,584
59.79,32.86,585
72.75,29.19,586
71.03,26.97,587
71.83,30.52,588
69.48,37.67,589
59.09,18.6,590
71.32,21.61,591
68.36,13.49,592
69.98,18.01,593
70.73,23.89,594
63.7,28.87,595
49.54,26.6,596
49.29,24.48,597
53.05,28.09,598
57.45,19.31,599
50.25,30.11,600
50.08,33.15,601
57.74,36.65,602
51.23,17.58,603
52.51,32.03,604
58.64,9.72,605
50.12,18.05,606
48.41,25.65,607
49.84,31.4,608
46.13,30.63,609
44.99,30.02,610
49.79,21.84,611
49.14,32.98,612
50.7,9.54,613
49.15,27.23,614
50.64,28.76,615
49.43,30.18,616
110.68,25.64,617
106.15,24.94,618
106.68,21.96,619
107.21,32.03,620
106.14,23.92,621
108.05,22.63,622
106.71,24.57,623
104.86,18.79,624
105.8,22.57,625
104.1,32.95,626
110.13,25.1,627
101.84,31.42,628
105.52,23.45,629
97.75,34.82,630
90.79,25.2,631
103.69,24.29,632
105.09,29.14,633
95.96,17.77,634
102.95,19.5,635
105.11,21.69,636
105.49,19.92,637
105.08,24.7,638
85.98,34.11,639
90.18,28.68,640
86.23,33.56,641
85.25,27.65,642
84.93,35.12,643
85.88,32.21,644
84.29,27.97,645
84.35,22.23,646
84.93,31.24,647
90.24,31.81,648
89.83,29.78,649
83.21,34.89,650
71.92,36.17,651
85.09,32.65,652
85.37,33.66,653
81.05,39.4,654
68.29,20.91,655
82.76,30.55,656
83.51,18.57,657
84.36,25.44,658
83.31,22.81,659
83.85,27.72,660
51.95,33.34,661
37.98,31.35,662
38.11,28.01,663
39.85,31.82,664
38.93,27.26,665
35.96,37.54,666
40.83,45.05,667
41.6,26.44,668
39.37,34.91,669
43.53,20.42,670
36.52,35.1,671
36.62,28.08,672
37.52,28.15,673
36.6,31.08,674
35.47,37.04,675
32.37,32.85,676
37.64,23.66,677
32.75,34.07,678
39.72,44.71,679
38.28,32.67,680
36.8,34.06,681
35.76,35.02,682
55.34,29.41,683
40.45,27.94,684
38.71,26.34,685
42.86,26.86,686
46.53,18.91,687
39.44,28.91,688
36.89,32.53,689
46,36.11,690
41.2,30.18,691
48.99,12.27,692
39.49,31.69,693
37.68,32.02,694
40.44,27.27,695
38.6,31.61,696
33.9,29.71,697
37.87,29.22,698
43.44,11.52,699
42.64,20.55,700
35.1,28.59,701
39.79,27.95,702
38.95,29.53,703
38.46,27.74,704
40.99,36.34,705
35.38,33.51,706
34.77,24.25,707
38.66,29.51,708
50.78,26.44,709
34.19,30.76,710
34.08,36.04,711
41.21,18.1,712
36.88,31.76,713
43.33,11.78,714
34.5,27.22,715
34.22,35.3,716
34.47,24.91,717
34.89,33.31,718
29.73,31.18,719
33.55,31.19,720
36.46,11.43,721
36.38,18.99,722
30.11,31.96,723
34.09,27.99,724
35.19,29.88,725
35.78,31.71,726
56.61,34.79,727
56.33,28.2,728
56.08,25.51,729
58.2,31.84,730
61.65,26.5,731
56.04,36.37,732
56.84,37.48,733
57.06,20.12,734
71.86,29.98,735
62.66,10.36,736
56.52,30.91,737
54.68,21.01,738
55.1,35.11,739
54.64,27.44,740
56.37,31.69,741
50.84,28.6,742
50.57,30.08,743
54.27,35.75,744
55.18,10.16,745
54.24,29.54,746
55.17,29.29,747
55.59,31.2,748
97.23,31.34,749
101.07,25.94,750
98.48,30.26,751
95.82,24.57,752
96.7,32.13,753
95.84,29.16,754
96.48,26.77,755
90.84,17.08,756
96.3,28.15,757
101.2,28.74,758
100.73,27.25,759
92.23,32.55,760
78.61,25,761
97.53,30.36,762
95.46,28.56,763
94.61,28.12,764
96.48,31.48,765
86.4,33.71,766
92.79,23.33,767
83.28,16.99,768
95.33,23.69,769
95.64,26.52,770
108.19,28.5,771
111.19,35.34,772
109.12,26.92,773
108.68,25.02,774
110.92,28.42,775
108.13,33.79,776
109.89,20.43,777
109.14,29.18,778
110.64,26.31,779
109.99,24.9,780
108.44,30.57,781
108.69,33.01,782
108.97,27.3,783
108.55,25.74,784
104.09,28.56,785
107.93,26.58,786
108.65,21.17,787
107.71,30.37,788
105.2,27.63,789
109.67,28.21,790
108.86,28.69,791
107.95,28.99,792
108.39,23.78,793
111.02,30.91,794
110.1,21.45,795
109.11,19.53,796
111.38,23.79,797
108.77,28.1,798
109.35,16.56,799
107.72,22.61,800
111.33,20.66,801
109.7,18.68,802
108.52,24.81,803
109.18,27.44,804
110.02,20.73,805
108.37,19.5,806
104.88,23.36,807
107.78,20.75,808
108.92,17.89,809
108.42,25.09,810
104.86,22.44,811
109.27,21.44,812
109.2,22.87,813
107.51,24.27,814
104.04,29.78,815
99.3,31.68,816
99.97,28.14,817
99.68,35.08,818
99.91,30.27,819
99.08,42.94,820
100.13,31.33,821
98.09,10.44,822
98.87,28.37,823
102.9,15.15,824
103.81,30.67,825
93.09,29.69,826
96.79,34.92,827
98.59,31.59,828
91.67,44.03,829
81.64,26.9,830
98.05,26.41,831
99.32,35.89,832
91.65,10.3,833
94.79,16.69,834
98.64,27.65,835
99.28,29.91,836
91.17,31.35,837
91.48,28.91,838
93.83,31.93,839
104.29,32.22,840
89.99,37.17,841
95,45.27,842
93.63,24.72,843
93.7,35.21,844
96.92,19.38,845
93.66,26.39,846
91.63,34.6,847
90.92,28.81,848
90.95,30.87,849
89.83,36.45,850
86.74,32.87,851
92.17,25.94,852
93.71,45.17,853
87.49,33.96,854
91.86,23.45,855
92.49,32.54,856
91.31,33.83,857
90.82,34.46,858
99.56,28.33,859
99.05,26.73,860
101.36,28.91,861
108.54,29.53,862
98.23,36.16,863
101.7,45.76,864
100.96,19.95,865
101.21,31.16,866
104.91,18.75,867
100.18,24.12,868
97.55,33.39,869
98.53,26.51,870
99.34,28.38,871
97.78,35.6,872
94.24,29.86,873
99.53,24.25,874
100.03,45.48,875
94.67,29.1,876
99.66,20.99,877
99.8,28.89,878
99.96,30.51,879
97.29,32.49,880
106.36,30.71,881
105.33,27.37,882
106.93,35.03,883
110.6,31.4,884
104.79,39.6,885
107.57,41.36,886
107.78,23.89,887
108.03,39.1,888
108.06,16.67,889
104.52,32.36,890
104.1,34.63,891
106.49,24.43,892
104.5,38.96,893
105.29,30.62,894
102.88,37.18,895
101.29,30.2,896
106.89,40.54,897
106.94,16.71,898
98.58,34.85,899
104.25,32.66,900
105.69,33.83,901
103.18,34.77,902
110.41,25.03,903
105.93,30.92,904
105.43,24.46,905
105.43,21.89,906
106.84,31.64,907
107.16,28.02,908
105.12,26.42,909
103.14,18.58,910
104.39,27.66,911
101.32,35.03,912
110.34,26.41,913
100.56,33.15,914
100.32,19.86,915
103.93,26.95,916
93.21,37.6,917
88.06,25.71,918
101.93,28.31,919
106.07,32.25,920
96.01,14.76,921
104.21,24.65,922
104.28,21.69,923
106.5,28.31,924
49.45,30.19,925
47.29,25.21,926
48.57,31.46,927
48.62,32.16,928
47.06,31.38,929
49.51,26.25,930
47.78,36.99,931
48.05,30.47,932
48.03,32.76,933
48.36,33.98,934
48.75,29.2,935
49.31,27.02,936
48.92,31.46,937
49.13,32.42,938
53.28,30.27,939
50.12,32.14,940
48.94,34.01,941
49.36,29.69,942
52.93,31.15,943
48.39,30.85,944
48.6,30.58,945
48.75,30.46,946
95.73,33.11,947
96.67,31.49,948
93.78,30.05,949
73.6,24.85,950
96.84,32.7,951
96.86,28.01,952
93.07,10.53,953
95.34,26.43,954
95.72,37.18,955
92.31,35.95,956
96.1,30.56,957
96.78,31.83,958
95.42,31.89,959
97.17,27.46,960
102.04,30.5,961
95.92,36.73,962
96.24,33.63,963
100.82,31.12,964
94.66,10.82,965
95.02,31.06,966
96.62,30.68,967
96.76,28.82,968
93.4,19.98,969
96.22,31.81,970
93.59,25.08,971
74.68,26.75,972
95.2,30.72,973
94.01,22.06,974
91,7.3,975
91.37,30.07,976
93.26,32.25,977
89.94,15.39,978
96.11,27.26,979
94.18,20.22,980
95.89,30.08,981
94.85,22.23,982
100.19,25.71,983
91.65,15.17,984
94.81,31.13,985
99.41,24.25,986
92.01,7.55,987
94.38,27.48,988
95.7,26.22,989
93.5,24.95,990
52.78,24.64,991
57.99,24.41,992
59.03,29.88,993
58.4,21.86,994
57.95,31.35,995
58.55,26.25,996
57.68,28.39,997
60.64,17.78,998
60.69,26.69,999
62.79,33.54,1000
53.21,26,1001
64.08,22.04,1002
58.64,24.19,1003
59.27,26.32,1004
59.19,27.68,1005
66.56,12.97,1006
77.27,26.63,1007
59.38,21.24,1008
70.14,36.58,1009
58.8,31.74,1010
62.5,25.14,1011
58.45,28.91,1012
100.88,24.69,1013
105.68,26.62,1014
104.06,29.53,1015
103.56,27.43,1016
106.15,27.14,1017
105,22.8,1018
105.37,25.51,1019
107.68,31.26,1020
106.28,29.3,1021
106.45,19.32,1022
100.45,20.38,1023
108.4,30.34,1024
107.39,19.86,1025
110.44,20.33,1026
107.62,24.28,1027
105.35,22.1,1028
110.94,32.07,1029
109.72,22,1030
107.18,29.25,1031
103.84,30.24,1032
106.74,26.98,1033
105.92,26.57,1034
25.32,25.45,1035
29.84,24.4,1036
28.84,31,1037
29.38,32.9,1038
29.92,30.33,1039
30.21,26.74,1040
29.64,28.63,1041
32.71,7.54,1042
31.33,28.06,1043
30.73,32.93,1044
24.8,30.22,1045
31.63,32.66,1046
34.96,21.01,1047
29.63,25.12,1048
31.57,27.59,1049
34.38,8.68,1050
34.41,25.81,1051
35.33,33.37,1052
29.88,20.96,1053
30.32,29.04,1054
32.66,31.12,1055
30.24,30.04,1056
85.25,25.07,1057
83.9,27.96,1058
86.79,22.89,1059
87.65,29.31,1060
88.23,21.96,1061
89.64,23.58,1062
87.26,24.35,1063
83.64,27.05,1064
89.51,27.55,1065
90.06,41,1066
89.24,26.49,1067
91.45,22.91,1068
91.77,32.59,1069
88.07,24.2,1070
90.01,26.38,1071
92.73,19.7,1072
91.76,28.74,1073
91.42,41.71,1074
88.84,22.09,1075
87.18,28.86,1076
91.74,24.09,1077
88.12,32.16,1078
64.79,25,1079
62.33,27.18,1080
66.98,22.31,1081
67.02,28.05,1082
67.06,32.13,1083
65.49,21.77,1084
66.62,24.26,1085
67.37,27.19,1086
70.45,9.01,1087
66.75,25.94,1088
62.55,26.4,1089
68.74,21.35,1090
72.81,26.44,1091
67.65,24.03,1092
68.2,27.2,1093
72.07,10,1094
67.59,25.56,1095
66.75,34.82,1096
65.79,20.96,1097
67.99,28.05,1098
70.43,28.13,1099
67.45,32.65,1100
67.1,18.9,1101
64.82,21.4,1102
67.63,16.26,1103
69.1,22.22,1104
68.34,15.76,1105
71.19,17.75,1106
69.88,18.54,1107
71.01,21.52,1108
72.08,36.65,1109
70.18,20.56,1110
65.42,20.58,1111
73.83,17.63,1112
73.9,26.36,1113
70.69,18.43,1114
70.89,20.25,1115
72.82,13.65,1116
73.3,18.9,1117
74.94,36.37,1118
69.08,15.42,1119
70.17,22.12,1120
73.37,22.3,1121
69.08,25.54,1122
72.62,22.53,1123
76.62,23.13,1124
76.1,29.33,1125
78.58,21.3,1126
77.41,24.27,1127
67.93,20.3,1128
73.44,17.28,1129
76.16,26.03,1130
77.92,39.76,1131
77.43,25.35,1132
74.09,22.88,1133
79.75,25.02,1134
78.17,24.38,1135
76.59,14.83,1136
84.96,15.08,1137
80.21,21.85,1138
82.25,37.09,1139
76.67,18.81,1140
76.87,26.15,1141
78.31,25.75,1142
76.68,29.83,1143
77.37,22.75,1144
81.6,17.96,1145
85.12,28.53,1146
84.92,27.52,1147
82.29,30.07,1148
83.48,41.92,1149
85.53,18.58,1150
65.41,34.16,1151
85.37,24.7,1152
86.29,32.37,1153
74.06,19.66,1154
75.43,30.29,1155
85.51,27.1,1156
90.65,27.13,1157
85.96,19.67,1158
89.61,26.44,1159
85.48,26.12,1160
86.34,24.07,1161
84.82,29.86,1162
83.72,40.67,1163
86.91,31.3,1164
85.47,29.09,1165
84.65,34.68,1166
49.76,11.63,1167
56.96,20.85,1168
54.71,20.66,1169
50.69,40.91,1170
59.94,17.25,1171
58.04,18.29,1172
60.07,26.33,1173
55.76,18.97,1174
59.1,23.25,1175
54.69,26.52,1176
36.41,24.4,1177
57.71,20.45,1178
62.75,21.47,1179
56.01,11.95,1180
58.78,19.62,1181
63.32,20.79,1182
60.63,20.4,1183
60.37,17.96,1184
59.44,22.94,1185
60.82,38.31,1186
57.27,25.7,1187
58.25,21.46,1188
37.33,12.7,1189
40.51,23.22,1190
36.61,22.9,1191
33.1,42.2,1192
43.01,17.78,1193
42.34,19.81,1194
41.4,30.23,1195
37.63,19.48,1196
41.38,26.69,1197
27.24,34.18,1198
25.83,16.78,1199
41.27,22.99,1200
42.18,29.35,1201
46.34,22.53,1202
42.9,20.67,1203
47.45,21.49,1204
43.69,21.63,1205
43.44,18.61,1206
42.26,25.77,1207
43.13,39.19,1208
41.27,23.77,1209
40.08,13.3,1210
35.29,33.66,1211
37.67,24.5,1212
36.96,22.51,1213
33.6,26.29,1214
30.72,36.56,1215
38.91,28.59,1216
30.91,11.67,1217
37.46,18.42,1218
38.16,20.43,1219
33.62,15.12,1220
19.02,25.06,1221
37.86,22.49,1222
42.45,24.93,1223
39.76,30.68,1224
42.92,23.73,1225
38.02,33.4,1226
39.16,21.58,1227
39.21,18.7,1228
38.65,24.97,1229
37.72,11.69,1230
38.55,24.3,1231
37.34,15.39,1232
21.83,34.22,1233
24.58,29.48,1234
21.75,21.52,1235
22.01,43.16,1236
26.17,19.83,1237
26.25,31.28,1238
24,26.95,1239
22.98,28.41,1240
24,24.81,1241
22.34,16.7,1242
11.52,24.38,1243
24.82,27.44,1244
30.09,27.13,1245
27.16,19.85,1246
29.64,26.34,1247
25.1,26.17,1248
25.56,24.55,1249
26.35,30.53,1250
22.89,35.01,1251
25.22,21.1,1252
25.64,29.2,1253
23.45,43.58,1254
11.42,30.02,1255
12.13,26.77,1256
10.08,24.82,1257
9.96,32.97,1258
12.49,22.58,1259
12.28,28.83,1260
11.77,25.77,1261
12.31,32.31,1262
9.74,28.4,1263
8.65,32.98,1264
10.52,22.78,1265
12.74,27.29,1266
13.31,23.44,1267
15.42,27.88,1268
13.37,32.26,1269
13.06,25.78,1270
17.16,27.2,1271
15.93,25.78,1272
12.32,25,1273
12.03,30.13,1274
11.97,30.93,1275
12.11,28.83,1276
69.92,21.05,1277
74.54,37.62,1278
74.41,33.36,1279
74.95,31.3,1280
73.17,43.93,1281
73.92,28.1,1282
74.32,29.62,1283
65.87,13.75,1284
72.36,29.65,1285
72.75,35.16,1286
52.96,29.57,1287
75.24,33.09,1288
79.48,32.78,1289
74.09,27.99,1290
78.81,32.21,1291
73.45,13.08,1292
73.94,31.48,1293
74.26,29.29,1294
75.28,36.73,1295
74.57,21,1296
74.58,34.71,1297
74.5,44.48,1298
83.66,14.94,1299
87.79,33.74,1300
88.62,30.18,1301
85.06,30.87,1302
76.45,39.84,1303
89.27,36.17,1304
87.45,30.23,1305
85.51,25.94,1306
85.73,34.1,1307
86.14,35.29,1308
67.92,23.74,1309
88.86,33.43,1310
92.74,32.75,1311
88.68,28.53,1312
91.91,32.03,1313
88.24,30.99,1314
89.78,34.26,1315
89.78,35.44,1316
87.87,14.29,1317
87.51,34.28,1318
84.53,41.62,1319
88.54,29.74,1320
61.32,14.97,1321
65.24,30.81,1322
67.14,43.33,1323
69.01,36.09,1324
67.7,30.99,1325
68.74,27.69,1326
69.56,24.67,1327
65.34,33.62,1328
67.69,32.98,1329
65.92,26.13,1330
47.59,26.58,1331
68.57,31.27,1332
73.87,31.85,1333
72.91,31.06,1334
67.21,29.68,1335
70.01,33.02,1336
69.61,35.3,1337
69.98,15.5,1338
69.15,24.75,1339
68.54,32.47,1340
67.48,44.04,1341
69.22,28.52,1342
53.87,34.99,1343
52.97,27.07,1344
54.22,24.43,1345
52.93,11.37,1346
52.7,18.7,1347
53.22,23.54,1348
51.92,23.07,1349
53.48,41.88,1350
53.62,29.87,1351
55.7,28.01,1352
71.91,21.71,1353
52.71,24.41,1354
48.59,22.95,1355
50.44,25.57,1356
48.11,23.71,1357
52.15,42.51,1358
52.18,26.78,1359
51.71,22.48,1360
52.31,35.57,1361
52.38,23.47,1362
51.51,11.45,1363
52.05,28.5,1364
83.14,36.71,1365
76.82,24.28,1366
76.18,25.78,1367
79.46,25.39,1368
84.34,12.06,1369
76.11,32.49,1370
94.36,25.48,1371
75.84,28.65,1372
75.39,21.6,1373
77.94,29.31,1374
82.77,19.32,1375
75.76,26.16,1376
75.33,32.22,1377
72.12,27.38,1378
76.32,27.1,1379
71.37,26.31,1380
75.07,22.54,1381
78.18,20.13,1382
76.2,30.43,1383
75.89,24.16,1384
79.81,11.89,1385
75.74,28.9,1386
96.47,40.86,1387
88.28,30.73,1388
89.01,27.64,1389
90.5,28.87,1390
92.88,14.94,1391
90.85,26.3,1392
87.83,20.82,1393
105.78,28.55,1394
86.89,24.65,1395
90.98,23.21,1396
93.05,35.95,1397
88.27,27.37,1398
88.12,15.41,1399
84.14,26.35,1400
88.4,28.54,1401
83.38,27.23,1402
86.86,24.53,1403
89.69,41.77,1404
86.05,25.73,1405
89.21,25.54,1406
89.84,35.7,1407
87.51,30.37,1408
106.25,39.21,1409
103.41,28.64,1410
103.77,33.08,1411
104.57,34.21,1412
109.27,14.4,1413
105.31,30.23,1414
102.03,37.73,1415
102.62,35.2,1416
102.42,24.5,1417
105.28,25.87,1418
110.21,31.66,1419
103.75,32.34,1420
96.89,31.91,1421
102.14,25.3,1422
97.72,30.87,1423
103.07,12.82,1424
102.88,33.01,1425
102.58,28.69,1426
101.54,37.33,1427
102.46,36.91,1428
103,30,1429
101.76,35.29,1430
72.99,42.59,1431
70.7,27.47,1432
68.98,29.9,1433
71.59,29.63,1434
71.73,11.92,1435
68.45,36.15,1436
70.51,34.28,1437
69.37,26.89,1438
72.58,33.02,1439
72.55,22.97,1440
88.59,28.7,1441
70.15,33.13,1442
65.3,32.7,1443
68.88,26.69,1444
65.83,31.81,1445
69.41,33.91,1446
68.06,35.3,1447
70.67,29.12,1448
69.15,13.18,1449
69.76,27.71,1450
69.89,30.3,1451
71.37,42.77,1452
93.21,42.05,1453
89.91,24.03,1454
90.07,26.5,1455
92.89,23.53,1456
91.53,9.57,1457
93.42,27.22,1458
88.54,21.55,1459
88.19,32.48,1460
90.11,28.49,1461
92.26,21.1,1462
105.47,27.57,1463
89.96,26.2,1464
85.28,26.39,1465
85.9,27.32,1466
91.9,27.35,1467
88.04,23.2,1468
89.89,29.33,1469
90.19,22.38,1470
90.84,9.46,1471
88.01,22.46,1472
89.03,24.06,1473
91.62,42.56,1474
84.32,34.04,1475
80.06,23.1,1476
83.32,27.74,1477
90.39,11.78,1478
83.98,23.45,1479
78.12,29.78,1480
79.07,26.69,1481
87.23,39.88,1482
96.68,26.85,1483
83.97,18.72,1484
78.58,18.17,1485
78.77,25.81,1486
74.32,24.45,1487
77.58,12.67,1488
78.39,26.95,1489
74.76,25.9,1490
77.32,28.67,1491
78.77,23.13,1492
78.45,34.62,1493
79.37,20.86,1494
79.1,23.99,1495
79.84,41.46,1496
73.91,24.81,1497
79.16,28.45,1498
79.28,27.2,1499
73.68,9.47,1500
75.49,23.8,1501
74.95,27.94,1502
74.69,26.43,1503
76.22,34.32,1504
74.94,28.98,1505
73.57,44.1,1506
76.21,16.12,1507
74.25,23.71,1508
74.17,28.36,1509
71.06,31.41,1510
75.93,22.08,1511
65.99,18.44,1512
55.06,30.24,1513
71.17,26.73,1514
68.34,9.04,1515
74,25.55,1516
75.27,33.02,1517
72.13,44.67,1518
59.6,23.71,1519
64.32,27.58,1520
64.58,26.9,1521
59.35,9.15,1522
61.25,22.18,1523
60.2,26.98,1524
59.62,25.71,1525
60.8,32.07,1526
60.55,28.36,1527
59.52,43.38,1528
62.16,15.17,1529
60.56,21.25,1530
59.21,24.7,1531
57.13,27.29,1532
58.14,16.28,1533
40.33,21.96,1534
54.47,34.42,1535
58.13,23.1,1536
53.78,9.13,1537
59.96,28.05,1538
60.39,33.29,1539
53.62,44.44,1540
51.22,22.84,1541
56.11,22,1542
56.21,23.25,1543
51.93,38.5,1544
52.56,22.33,1545
52.13,25.77,1546
51.04,24.79,1547
52.41,19.86,1548
53,28,1549
53.03,37.72,1550
53.58,38.9,1551
50.78,19.86,1552
50.82,25.36,1553
48.3,22.73,1554
50.64,38.44,1555
31.94,29.96,1556
46.33,17.3,1557
48.48,26.47,1558
45.45,35.45,1559
51.72,21.93,1560
52.38,29.35,1561
46.5,41.43,1562
35,24,1563
29.98,22.23,1564
30.97,23.12,1565
36.21,42.72,1566
33.43,27.87,1567
34.68,22.54,1568
35.97,23.35,1569
34.4,21.07,1570
35.14,21.06,1571
35.1,33.55,1572
35.56,17.93,1573
34.42,28.44,1574
35.66,24.36,1575
35.13,21.89,1576
37.12,20.33,1577
38.28,32.87,1578
48.11,32.44,1579
41.48,19.26,1580
37.77,23.68,1581
41.12,42.94,1582
34.78,20.22,1583
40.9,14.23,1584
43.06,22.26,1585
46.29,23.46,1586
43.31,23.8,1587
49.46,43.49,1588
46.69,27.53,1589
45.99,20.49,1590
48.79,23.25,1591
47.41,19.5,1592
47.37,22.16,1593
47,37.3,1594
46.76,14.7,1595
46.18,29.5,1596
46.9,24.33,1597
51.56,21.07,1598
49.2,37.07,1599
64.86,30.7,1600
51.44,17.44,1601
49.92,26.23,1602
52.1,44.06,1603
47.07,22.65,1604
48.53,19.37,1605
53.26,12.9,1606
69.83,12,1607
78.11,26,1608
78.92,21.99,1609
76.56,23.52,1610
70.33,39.18,1611
80.23,16.77,1612
78.8,18.68,1613
79.31,27.18,1614
76.08,19.75,1615
74.3,30.69,1616
56.96,22.92,1617
78.56,20.15,1618
83.64,20.75,1619
79.5,27.16,1620
83.05,21.5,1621
79.22,19.46,1622
80.39,17.66,1623
77.95,24.58,1624
79.78,38.59,1625
79.03,25.89,1626
79.23,22.27,1627
76.09,11.53,1628
26.25,22.45,1629
29.99,23.65,1630
26.12,23.93,1631
32.61,43.06,1632
29.68,27.71,1633
28.94,20.38,1634
31.5,23.56,1635
30.14,19.96,1636
29.53,22.44,1637
30.22,36.81,1638
30.6,17.5,1639
31.49,24.74,1640
33.48,23.26,1641
28.97,23.24,1642
33.92,35.37,1643
30.37,28.94,1644
51.3,29.51,1645
32.96,18.42,1646
32.62,26.63,1647
37.39,43.89,1648
31.07,20.11,1649
37.4,14.29,1650
66.01,13.21,1651
75.26,25,1652
74.06,28.31,1653
66.97,41.4,1654
74.1,19.22,1655
74.19,22.64,1656
76.49,32.61,1657
71.8,25.2,1658
75.18,26.38,1659
73.62,30.28,1660
50.35,29.98,1661
76,26.63,1662
80.13,26.69,1663
77.05,31.85,1664
78.9,26.21,1665
75.83,25.78,1666
74.6,23.31,1667
75,29.35,1668
73.47,41.5,1669
74.78,30.1,1670
74.96,28.25,1671
72.96,13.4,1672
23.72,34.16,1673
23.08,27.1,1674
23.86,42.09,1675
27.35,17.93,1676
28.08,30.58,1677
25.84,26.35,1678
26.75,23.95,1679
24.61,29.48,1680
25.96,28.02,1681
22.81,18.59,1682
12.81,26.85,1683
26.55,26.83,1684
32.29,26.75,1685
26.99,19.13,1686
31.5,26.21,1687
26.5,25.73,1688
29.52,28.12,1689
26.61,23.09,1690
29,30.22,1691
26.01,34.1,1692
27,27.78,1693
25.32,42.63,1694
30.21,31.62,1695
35.09,32.26,1696
30.91,30.9,1697
36.25,42.82,1698
33.58,34.47,1699
34.61,30.09,1700
35.09,30.76,1701
33.82,27.92,1702
32.64,32.85,1703
34.47,29.23,1704
35,12.4,1705
35.32,31.22,1706
34.57,33.54,1707
37.3,29.38,1708
34.39,34.97,1709
48.29,36.8,1710
45.85,22.24,1711
36.71,32.24,1712
37.49,42.53,1713
35.41,29.33,1714
34.08,27.34,1715
37.06,11.01,1716
79.27,26.79,1717
74.69,23,1718
74.71,23.96,1719
79.62,45.73,1720
77.92,27.96,1721
78.57,23.98,1722
79.85,25.75,1723
77.85,24.18,1724
79.44,21.78,1725
78.3,17.34,1726
76.3,38.95,1727
78.54,29.36,1728
79.63,27.22,1729
79.51,23.84,1730
82.44,21.38,1731
82.15,33.36,1732
96.25,29.7,1733
88.48,15.73,1734
81.93,25.52,1735
84.33,45.56,1736
79.8,21.95,1737
78.67,18.03,1738
85.35,20.43,1739
90.02,32.53,1740
90.19,28.01,1741
89.36,26.29,1742
88.77,42.44,1743
91.41,24.48,1744
88.61,11.54,1745
87.81,29.89,1746
90,31.06,1747
86.86,35.78,1748
70.02,24.85,1749
90.84,28.42,1750
94.54,30.51,1751
91.12,32.39,1752
95.29,29.67,1753
92.14,40.61,1754
90.6,26.87,1755
92.02,25.47,1756
90.91,30.92,1757
90.5,19.98,1758
90.45,30.23,1759
89.98,11.09,1760
54.61,12.39,1761
62.62,22.66,1762
62.33,40.66,1763
66.04,17.35,1764
64.18,21.26,1765
64.81,18.55,1766
64.46,29.35,1767
62.36,19.64,1768
64.15,24.51,1769
62.95,17.51,1770
46.9,31.79,1771
64.62,20.12,1772
68.66,21.73,1773
65.45,19.44,1774
69.54,21,1775
67.21,20.45,1776
66.59,18.04,1777
64.54,23.17,1778
63.73,40.69,1779
64.87,28.29,1780
64.89,21.47,1781
61.97,11.62,1782
61.22,18.37,1783
57.18,24.63,1784
57.57,26.61,1785
60.23,26.06,1786
60.64,10.4,1787
55.61,22.83,1788
56.7,30.1,1789
59.78,40.2,1790
57.07,33.99,1791
61.16,32.66,1792
79.79,26.26,1793
57.36,26.32,1794
51.88,26.77,1795
57.43,31.6,1796
52.74,27.38,1797
56.87,38.63,1798
57.18,27.37,1799
55.63,30.2,1800
54.89,23.32,1801
59.82,17.26,1802
56.25,24.77,1803
59.13,8.77,1804
93.1,40.95,1805
83.04,20.67,1806
83.92,27.15,1807
82.79,25.89,1808
86.51,36.38,1809
82.73,30.85,1810
82.93,28.56,1811
81.79,18.13,1812
84.01,24,1813
86.29,28.7,1814
89.34,16.74,1815
82.88,26.94,1816
84.14,17.17,1817
79.85,25.79,1818
82.51,27.71,1819
79.14,26.77,1820
82.57,29.47,1821
83.63,21.9,1822
85.65,42.37,1823
81.47,25.62,1824
83,24.92,1825
84.58,36.63,1826
109.56,24.17,1827
106.94,30.03,1828
108.58,35.61,1829
108.74,21.44,1830
108.7,30.72,1831
104.73,37.81,1832
105.54,31.56,1833
105.71,35.1,1834
104.61,24.11,1835
108.34,38.4,1836
112.3,30.68,1837
105.6,32.6,1838
101.35,32.66,1839
104.02,36.93,1840
102.08,31.65,1841
105.24,34.26,1842
105.14,35.47,1843
106.52,29.52,1844
104.71,24.4,1845
106.13,36.94,1846
106.16,30.53,1847
107.6,24.53,1848
111.31,36.43,1849
109.33,26.5,1850
111.4,28.24,1851
110.99,18.99,1852
111.65,23.47,1853
108.99,34.04,1854
110.67,29.1,1855
109.47,30.37,1856
109.61,23.32,1857
111,32.47,1858
113.72,27.01,1859
109.81,28.51,1860
108.21,32.54,1861
106.39,29.14,1862
110.08,29.47,1863
106.09,28.27,1864
109.12,31.3,1865
109.96,24.6,1866
108.76,21.03,1867
108.99,24.44,1868
108.77,26.79,1869
109.66,34.74,1870
92.12,22.21,1871
96.22,25.04,1872
95.59,24.3,1873
90.57,9.97,1874
92.75,20.04,1875
89.71,25.49,1876
91.2,23.27,1877
92.89,26.77,1878
92.15,27.95,1879
92.41,25.48,1880
91.18,30.46,1881
93.77,19.05,1882
91.11,22.56,1883
91.93,21.19,1884
91.86,25.49,1885
92.13,28.96,1886
78.1,17.22,1887
82.85,28.6,1888
89.36,24.65,1889
89.31,10.29,1890
92.15,27.21,1891
83.91,34.3,1892
91.71,21.26,1893
94.83,24.7,1894
95.08,23.46,1895
89.28,12.36,1896
91.97,20.26,1897
91.97,23.52,1898
90.18,24.36,1899
89.3,30.38,1900
93.04,26.73,1901
90.21,42.87,1902
91.84,37.14,1903
92.1,19.17,1904
88.58,28.36,1905
91.81,26.64,1906
91.21,22.35,1907
85.59,34.26,1908
91.11,20.64,1909
91.67,17.98,1910
69.85,27.16,1911
89.69,24.66,1912
87.14,11.44,1913
82.71,42.1,1914
79.77,22.47,1915
75.51,22.82,1916
80.15,23.25,1917
75.14,43.84,1918
76.35,22.27,1919
75.73,25.56,1920
75.65,24.37,1921
77.44,17.41,1922
76.65,27.87,1923
74.94,9.15,1924
76.85,36.34,1925
75.57,20.45,1926
71.86,8.36,1927
74.93,24.75,1928
72.84,23.39,1929
72.26,35.73,1930
60.98,32.33,1931
65.77,16.33,1932
72.26,26.49,1933
74.96,22.26,1934
76.31,29.32,1935
72.04,44.71,1936
19.5,36.38,1937
14.42,26.23,1938
16.2,27.78,1939
18.5,10.53,1940
12.61,23.29,1941
15.27,27.9,1942
14.9,30.53,1943
14.51,34.96,1944
15.56,25.84,1945
15.37,23.03,1946
34.07,25.55,1947
14.6,27.46,1948
9.06,27.54,1949
13.51,34.92,1950
9.52,28.41,1951
15.53,11.19,1952
14.65,28.48,1953
12.84,27,1954
13.65,23.49,1955
11.89,23.08,1956
13.35,26.02,1957
15.3,31,1958
24.63,39.53,1959
16.47,24.21,1960
16.68,27.64,1961
17.73,36.28,1962
15.34,31.43,1963
16.52,26.94,1964
15.8,30.28,1965
15.53,19.61,1966
17.83,29.65,1967
17.5,21.6,1968
35.53,27.66,1969
15.51,26.87,1970
10.15,27.17,1971
11.11,26.49,1972
14.59,29.8,1973
13.94,28.25,1974
15.73,23.89,1975
16.68,35.84,1976
14.85,20.01,1977
16.12,26.24,1978
18.38,40.32,1979
14.58,30.78,1980
34.12,20.08,1981
32.69,22.47,1982
34.02,27.54,1983
35.01,28.02,1984
40.08,19.4,1985
31.59,32.16,1986
33.39,24.47,1987
41.06,41.75,1988
36.07,25.74,1989
34.36,32.32,1990
48.84,24.87,1991
33.21,25.64,1992
27.93,27.02,1993
27.16,24.26,1994
31.01,28.78,1995
28.69,27.74,1996
32.93,27.89,1997
31.76,23.01,1998
33.75,21.03,1999
32.51,25.1,2000
35.55,43.75,2001
33.5,29.57,2002
37.93,32.73,2003
38,21.87,2004
38.54,25.75,2005
41.36,28.11,2006
40.53,10.79,2007
37.81,30.37,2008
37.33,27.55,2009
44.04,36.06,2010
41.02,31.42,2011
41.1,22.93,2012
57.53,22.83,2013
38.22,27.1,2014
30.76,27.65,2015
37.09,32.8,2016
35.44,31.68,2017
33.9,25.2,2018
36.37,27.64,2019
39.31,23.47,2020
38.11,31.28,2021
37.57,25.51,2022
38.75,10.76,2023
35.28,29.8,2024
35.41,40.55,2025
27,24.3,2026
27.37,25.83,2027
28.53,24.51,2028
33.09,10.41,2029
26.42,33.1,2030
27.36,30.67,2031
26.31,23.68,2032
29.85,27.98,2033
28.66,20.98,2034
47.23,27.36,2035
26.7,26.76,2036
25.53,23.7,2037
23.15,27.93,2038
27.81,28.23,2039
22.24,27.2,2040
26.13,30.42,2041
26.39,24.81,2042
28.45,10.93,2043
25.92,24.4,2044
26.43,25.85,2045
28.78,40.58,2046
35.19,33.83,2047
29.26,22.01,2048
29.36,24.45,2049
30.68,26.38,2050
30.79,12.07,2051
26.6,19.11,2052
29.15,27.54,2053
27.67,27.58,2054
31.13,23.57,2055
30.09,30.87,2056
51.07,26.68,2057
29.86,23.19,2058
27.54,28.46,2059
24.58,24.33,2060
29.07,25.01,2061
24.27,24.98,2062
29.34,26.57,2063
25.97,20.43,2064
28.18,31.94,2065
28.22,27.34,2066
28.05,22.25,2067
29.73,13.09,2068
47.26,39.47,2069
40,23.24,2070
42.07,26.23,2071
42.27,18.11,2072
38.39,30.74,2073
40.64,25.51,2074
39.28,28.74,2075
39.42,18.1,2076
40.59,27.6,2077
41.3,31.38,2078
58.44,22.96,2079
39.72,25.74,2080
34.18,25.95,2081
39.78,18.93,2082
34.18,25.08,2083
40.76,40.45,2084
38.27,28.37,2085
38.2,26.6,2086
39.85,30.35,2087
38.98,23.2,2088
37.8,31.01,2089
39.77,24.9,2090
32.81,21.53,2091
32.35,26.35,2092
36.46,28.56,2093
35.62,12.23,2094
35.11,22.34,2095
32.53,32.06,2096
31.92,23.39,2097
32.75,28.81,2098
31.07,19.03,2099
40.79,31.96,2100
39.2,19.31,2101
30.91,23.33,2102
26.96,23.77,2103
30.33,19.51,2104
27.37,24.53,2105
32.19,13.97,2106
33.66,25.98,2107
31.97,27,2108
32.35,20.7,2109
31.38,30,2110
31.83,29.2,2111
31.89,21.79,2112
12.99,28.68,2113
18.08,26.91,2114
19.73,25.44,2115
18.39,42.24,2116
19.65,19.63,2117
15.79,22.09,2118
11.83,24.07,2119
16.93,28.01,2120
20.75,8.22,2121
17.57,22.07,2122
16.65,24.28,2123
26.28,32.73,2124
16.9,31.06,2125
20.37,21.09,2126
21.42,26,2127
17.57,25.05,2128
25.27,8.95,2129
19.78,42.87,2130
17.06,27.11,2131
24.1,18.08,2132
18.55,22.14,2133
35.39,22.73,2134
55.87,24.24,2135
63.22,27.64,2136
60.19,27.54,2137
61.48,38.15,2138
61.34,30.65,2139
60.05,19.41,2140
60.66,30.36,2141
62.67,14.84,2142
54.88,28.33,2143
60.54,34.69,2144
61.01,24.15,2145
67.99,33.07,2146
61.25,34.4,2147
61.55,29.78,2148
63.22,29.16,2149
64.92,25.73,2150
59.89,23.07,2151
64.65,13.41,2152
68.64,38.86,2153
61.3,27.45,2154
60.36,18.42,2155
77.35,18.48,2156
61.06,30.13,2157
67.3,30.37,2158
65.77,28.51,2159
67.79,9.66,2160
67.24,19.42,2161
65.41,24.07,2162
62.55,31.06,2163
66.2,31.68,2164
67.16,37.78,2165
65.77,34.9,2166
66.16,27.11,2167
73.38,36.22,2168
65.69,27.91,2169
66.27,35.46,2170
68.61,29.41,2171
67.03,31.83,2172
64.91,23.62,2173
69.07,10.05,2174
67.89,38.48,2175
71.74,18.78,2176
69.97,25.94,2177
83.96,25.39,2178
73.41,20.1,2179
78.87,19.64,2180
80.29,18.5,2181
80.93,41.88,2182
79.45,12.35,2183
79.7,16.04,2184
75.03,18.43,2185
78.46,20.7,2186
82.1,34.73,2187
78.79,14.15,2188
78.62,17.53,2189
98.94,30.57,2190
82.6,30.13,2191
79.86,19.6,2192
81.62,20.36,2193
81.48,17.03,2194
79.46,17.28,2195
80.13,12.23,2196
81.49,42.31,2197
79.6,14.25,2198
78.95,21.36,2199
92.67,15.67,2200
75.54,22.92,2201
81.12,24.45,2202
83.66,23.66,2203
82.21,33.66,2204
81.26,18.19,2205
81.4,21.29,2206
81.08,25.34,2207
77.16,21.84,2208
81.85,25.81,2209
80.48,23.67,2210
80.78,17.58,2211
87.38,28.97,2212
80.66,27.18,2213
81.69,24.2,2214
83.39,23.94,2215
80.95,20.85,2216
80.77,23.32,2217
86.02,17.2,2218
83.49,34.8,2219
81.41,17.37,2220
81.89,25.45,2221
96.83,25.81,2222
83.86,36.79,2223
82.19,32.92,2224
84.92,34.93,2225
77.74,33.63,2226
80.19,11.07,2227
71.88,24.34,2228
84.49,33.33,2229
81.86,34.79,2230
84.71,29.27,2231
80.07,36.22,2232
83.49,38.39,2233
85.38,34.43,2234
83.73,37.95,2235
84.01,33.08,2236
84.83,36.98,2237
86,32.72,2238
90.11,32.79,2239
84.05,37.66,2240
82.72,32.6,2241
80.86,12.01,2242
81.71,34.03,2243
88.57,33.52,2244
35.2,28.42,2245
39.84,26.54,2246
39.85,25.57,2247
39.03,44.96,2248
40.91,15.14,2249
37.47,23.16,2250
38.56,21.23,2251
39.95,22.8,2252
34.13,25.17,2253
39.49,27.82,2254
40.12,23.57,2255
48.31,19.97,2256
39.42,21.11,2257
40.22,28.28,2258
43.46,23.37,2259
43.8,27.1,2260
40.49,22.96,2261
43.1,14.57,2262
40.41,43.81,2263
40.59,26.17,2264
39.56,32.28,2265
54.8,30.97,2266
89.83,21.94,2267
88.44,25.32,2268
88.43,30.46,2269
80.94,29.23,2270
85.83,34.14,2271
78.37,33.11,2272
87.48,28.42,2273
82.31,28.3,2274
87.5,33.83,2275
74.65,25.35,2276
85.5,23.15,2277
89.18,30.06,2278
88.05,28.19,2279
87.62,33.08,2280
87.35,32.44,2281
86.49,34.14,2282
93.54,28.19,2283
84.98,23.79,2284
87.87,25.74,2285
94.93,28.38,2286
85.33,29.12,2287
91.66,30.19,2288
61.04,25.97,2289
58,33.87,2290
59.67,27.97,2291
59.08,31.45,2292
53.42,40.12,2293
53.85,12.07,2294
43.19,28.72,2295
55.52,33.25,2296
63.21,34.76,2297
54.46,29.24,2298
56.42,24.6,2299
59.79,34.04,2300
56.7,29.83,2301
58.61,34.55,2302
55.18,12.35,2303
64.88,29.42,2304
60.91,27.01,2305
60.47,29.1,2306
63.38,33.75,2307
54.65,40.74,2308
59.91,31.39,2309
65.43,32.82,2310
46.06,23.77,2311
43.09,30.02,2312
37.1,39.33,2313
39.55,10.64,2314
29.28,27.34,2315
44.28,30.92,2316
43.59,28.21,2317
40.01,29.09,2318
40.1,26.31,2319
37.4,33.42,2320
43.45,14.73,2321
43.5,29.29,2322
44.75,28.26,2323
43.86,14.85,2324
43.47,30.1,2325
42.52,35.11,2326
48.92,30.28,2327
44.88,30.45,2328
45.34,24.15,2329
41.15,10.19,2330
44.29,28.83,2331
47.79,29.6,2332
91.07,28.45,2333
85.42,25.9,2334
84.7,27.67,2335
83.79,18.88,2336
87.77,23.65,2337
84.54,29.94,2338
83.33,24.5,2339
81.98,35.06,2340
89.1,27.07,2341
85.25,29.87,2342
83.81,28.04,2343
79.35,31.85,2344
83.83,33.01,2345
84.47,25.7,2346
82.03,27.96,2347
82.55,23.92,2348
75.2,38.75,2349
83.53,18.07,2350
84.41,28.17,2351
87.85,22.64,2352
83.89,29.35,2353
70.07,22.39,2354
85.98,28.99,2355
79.9,26.96,2356
80.67,28.57,2357
78.28,17.83,2358
78.56,39.52,2359
79.35,32.57,2360
79.83,31.83,2361
80.17,22.63,2362
84.33,30.63,2363
78.96,35.2,2364
77.97,29.06,2365
67.43,34.88,2366
80.89,34.12,2367
80.56,26.63,2368
77.53,31.17,2369
76.57,27.36,2370
75.76,40.08,2371
77.43,17.42,2372
80.42,27.88,2373
79.49,22.21,2374
79.8,31.13,2375
62.79,22.87,2376
80.14,32.86,2377
72.25,31.82,2378
76.88,33.89,2379
74.78,13.44,2380
77.27,35.77,2381
77.12,37.12,2382
73.95,36.42,2383
79.32,34.37,2384
75.29,31.26,2385
73.95,21.32,2386
75.37,36.07,2387
68.22,37.83,2388
76,28.21,2389
75.99,33.6,2390
72.5,34.95,2391
71.87,31.47,2392
74.54,35.43,2393
68.17,21.81,2394
73.91,13,2395
76.73,37.88,2396
74.66,30.63,2397
57.44,27.61,2398
53.85,27.07,2399
48.54,27.41,2400
45.79,28.95,2401
45.8,17.62,2402
49.07,32.65,2403
49.04,31.71,2404
47.08,25.23,2405
44.39,36.53,2406
52.12,29.01,2407
48.08,24.59,2408
49.07,29.54,2409
42.01,22.5,2410
48.43,32.5,2411
44.98,28.72,2412
46.35,31.78,2413
48.14,29.87,2414
38.59,37.01,2415
44.34,16.24,2416
47.92,27.25,2417
48.29,21.87,2418
47.41,24.6,2419
31.22,28.31,2420
52.56,30.06,2421
45.64,30.33,2422
45.8,31.32,2423
46.99,46.54,2424
48.43,46.12,2425
47.39,28.04,2426
47.43,35.06,2427
50.54,31.14,2428
44.54,28.15,2429
46.64,26.98,2430
46.58,32.03,2431
44.49,25.17,2432
46.64,25.77,2433
43.73,28.27,2434
44.96,31.75,2435
47.77,32.37,2436
43.64,45.82,2437
47.23,47.1,2438
46.13,30.5,2439
47.15,35.95,2440
47.42,29.11,2441
31.88,37.87,2442
40.23,28.96,2443
34.13,27.25,2444
33.05,28.59,2445
33.68,21.08,2446
36.66,31.59,2447
35.94,25.5,2448
38.56,38.29,2449
31.88,41.54,2450
38.32,27.85,2451
36.41,39.59,2452
33.88,31.94,2453
23.26,33.08,2454
36.07,39.16,2455
35.96,24.7,2456
31.89,28.92,2457
26.6,42.2,2458
27.1,19.35,2459
34.57,27.88,2460
29.38,35.05,2461
30.78,34.62,2462
35.59,31.85,2463
27.77,25.04,2464
20.6,23.34,2465
13.34,22.46,2466
13.84,23.99,2467
13.3,42.52,2468
13.51,29.51,2469
14.68,25.62,2470
18.93,22.03,2471
14.57,21.47,2472
12.3,18.63,2473
15.02,19.66,2474
14.15,24.54,2475
11.33,19.56,2476
14.08,25.52,2477
14.18,19.44,2478
12.65,26.37,2479
12.73,23,2480
13.81,24.55,2481
12.71,43.17,2482
11.99,17.83,2483
14.23,21.58,2484
11.47,30.68,2485
7.88,26.74,2486
32.68,14.03,2487
33.18,22.98,2488
32.14,15.73,2489
33.86,19.28,2490
39.19,33.58,2491
40.44,43.66,2492
50.45,21.96,2493
36.11,16.08,2494
36.79,19.04,2495
37.52,25.86,2496
36.12,12.66,2497
31.75,15.87,2498
33.03,19.18,2499
32.3,14.54,2500
38.03,32.46,2501
28.59,18.12,2502
35.5,13.05,2503
35.75,19.52,2504
39.61,44.44,2505
35.72,16.73,2506
30.34,16.81,2507
34.18,22.05,2508
36.92,22.46,2509
37.87,29.86,2510
38.25,25.49,2511
38.59,26.94,2512
42.49,9.49,2513
39.61,35.96,2514
49.97,31.94,2515
38.94,33.02,2516
41.23,31.01,2517
40.96,33.06,2518
41.64,27.55,2519
39.18,26.52,2520
36.63,33.41,2521
39,29.8,2522
37.36,25.46,2523
32.67,24.79,2524
38.54,32.41,2525
35.15,31.66,2526
40.7,11.3,2527
38.1,27.53,2528
37.81,29.52,2529
31.26,29.12,2530
84.2,23.93,2531
84.64,17.31,2532
84.37,19.87,2533
92.5,14.39,2534
89.4,32.18,2535
99.28,23.63,2536
83.74,16.92,2537
85.14,23.22,2538
86.44,17.81,2539
87.63,26.22,2540
84.77,20.63,2541
85.33,18.91,2542
84.64,21.41,2543
83.77,17.61,2544
87.53,14.82,2545
77.49,20.82,2546
83.08,16.99,2547
84.63,23.04,2548
84.78,28.39,2549
83.76,19.72,2550
79.47,20.64,2551
83.43,23.73,2552
87.45,28.54,2553
86.77,22.81,2554
96.87,12.33,2555
94.31,42.23,2556
92.12,31.19,2557
83.73,21.98,2558
89.01,26.13,2559
92.31,20.85,2560
91.32,26.6,2561
106.22,26.39,2562
89.39,14.6,2563
86.25,23.17,2564
88.41,25.73,2565
89.84,20.06,2566
85.33,19.88,2567
88.87,15.23,2568
81.14,24.75,2569
87.31,26.96,2570
90.54,29.72,2571
91.42,41.44,2572
89.3,25.25,2573
83.36,24.5,2574
94.26,26.83,2575
94.26,18.67,2576
93.82,24.99,2577
99.82,23.97,2578
100.14,36.88,2579
103.21,26.19,2580
95.08,22.01,2581
94.53,21.01,2582
95.56,14.36,2583
98.14,16.8,2584
96.71,24.58,2585
94.29,22.22,2586
96.98,17.79,2587
93.53,25.36,2588
94.4,19.55,2589
89.56,21.64,2590
92.63,25.17,2591
96.11,25.73,2592
98.19,36.29,2593
95.75,22.06,2594
95.67,15.28,2595
89.96,23.59,2596
100.39,33.43,2597
101.43,30.51,2598
108.43,11.87,2599
106.49,38.2,2600
110.44,25.19,2601
98.23,24.47,2602
99.37,27.85,2603
103.86,24.48,2604
104.05,29.55,2605
105.74,34.98,2606
103.77,17.28,2607
100.73,26.23,2608
100.38,29.98,2609
99.25,16.5,2610
97.8,24,2611
101.34,35.77,2612
94.91,30,2613
100.05,32.32,2614
100.56,30.66,2615
102.08,11.02,2616
98.82,28.05,2617
96.08,30.12,2618
85.01,23.08,2619
84.7,16.21,2620
85,19.25,2621
77.39,38.55,2622
77.31,12.16,2623
69.56,21.77,2624
84.53,21.62,2625
81.01,16.07,2626
87.1,14.01,2627
79.98,20.82,2628
82.91,25.95,2629
84.2,20.81,2630
87.22,14.78,2631
85.53,16.05,2632
85.31,21.27,2633
81.09,35.86,2634
90.97,19.14,2635
84.65,22.99,2636
84.41,15.48,2637
81.77,12.45,2638
85.88,19.06,2639
89.54,17.35,2640
75.91,20.24,2641
76.22,28.33,2642
77.09,25.82,2643
73.69,8.78,2644
74.83,17.24,2645
75.05,21.94,2646
72.95,27.98,2647
75.05,30.36,2648
72.5,22.9,2649
73.7,24.77,2650
61.11,24.51,2651
75.15,27.13,2652
75.7,23.1,2653
76.78,28.03,2654
79.41,24.19,2655
75.89,29.97,2656
75.62,21.98,2657
77.37,24.76,2658
74.71,8.66,2659
77.34,25.47,2660
83.59,20.32,2661
76.8,20.79,2662
69.47,30.26,2663
71.03,38.17,2664
70.42,35.98,2665
62.34,42.7,2666
63.28,25.91,2667
52.45,30.75,2668
71.41,31.6,2669
65.61,37.9,2670
68.86,41.03,2671
65.6,23.56,2672
66.78,34.89,2673
70.93,37.17,2674
69.7,29.23,2675
69.08,34.74,2676
71.31,37.74,2677
74.9,35.74,2678
69.56,40.65,2679
70.25,32.04,2680
66.05,41.57,2681
71.08,35.46,2682
74.09,37.04,2683
70.06,30.66,2684
24.15,32.88,2685
30.15,36.45,2686
29.81,33.65,2687
33.19,40.67,2688
31.31,21.12,2689
29.78,30.46,2690
30.73,31.13,2691
25.68,35.04,2692
30.21,37.46,2693
28.63,37.92,2694
32.46,32.9,2695
38.42,36.19,2696
29.24,38.39,2697
30.67,36.96,2698
30.98,35.27,2699
33.07,32.37,2700
31.02,30.47,2701
33.03,20.22,2702
37.7,41.15,2703
30.01,33.27,2704
29.01,28.24,2705
43.94,23.38,2706
64.64,20.77,2707
63.87,27.51,2708
68.91,26.74,2709
66.04,27.32,2710
59.48,39.98,2711
55.51,17.33,2712
47.71,26.09,2713
63.51,23.17,2714
66.95,30.09,2715
61.26,20.28,2716
64.03,17.85,2717
66.19,26.46,2718
64.8,17.72,2719
68.34,26.67,2720
65.3,28.12,2721
58.62,17.18,2722
71.11,24.92,2723
65.1,19.98,2724
65.65,20.64,2725
61.22,39.37,2726
64.25,23.92,2727
69.78,23.07,2728
61.73,20.63,2729
60.74,27.02,2730
63.38,21.3,2731
61.2,25.14,2732
51.09,37.97,2733
54.8,20.45,2734
54.16,32.43,2735
54.95,27.24,2736
63.19,31.24,2737
46.1,24.47,2738
57.53,19.41,2739
61.5,27,2740
58.63,22.29,2741
62.49,30.94,2742
56.29,32.94,2743
65.97,25.82,2744
60.45,19.93,2745
62.58,21.65,2746
62.11,25.58,2747
67.03,28.49,2748
60.74,25.7,2749
64.31,27.14,2750
28.77,26.9,2751
35.09,31.55,2752
35.13,29.73,2753
33.93,9.11,2754
36.73,38.89,2755
33.41,32.08,2756
33.52,33.17,2757
34.13,27.06,2758
34.53,32.34,2759
30.6,29.33,2760
37.44,28.08,2761
49.83,19.41,2762
33.8,33.78,2763
35.27,32.21,2764
38.39,27.93,2765
34.96,27.66,2766
37.91,10.87,2767
39.96,39.63,2768
35.74,29.25,2769
34.69,23.42,2770
37.57,32.21,2771
50.15,33.59,2772
30.09,29.35,2773
36.24,29.63,2774
37.32,27.61,2775
37.53,13.8,2776
38.1,22.25,2777
34.98,25.01,2778
32.4,28.2,2779
37,30.84,2780
38.94,35.65,2781
37.28,33.45,2782
35.69,27.53,2783
47.58,32.87,2784
35.68,24.16,2785
37.74,31.37,2786
36.02,26.96,2787
38.15,13.23,2788
43.5,36.63,2789
41.26,23.2,2790
35.78,32.93,2791
38.96,27.49,2792
36.75,29.91,2793
52.95,19.99,2794
44.31,29.66,2795
49.07,28.94,2796
51.65,27.5,2797
51.06,33.61,2798
49.7,39.4,2799
49.43,23.63,2800
46.15,28.56,2801
50.4,28.86,2802
53.39,24.3,2803
48.88,29.92,2804
49.91,27.18,2805
57.76,25.37,2806
50.2,31.73,2807
52.18,29.75,2808
52.39,27.59,2809
50.47,26.48,2810
60.12,19.53,2811
59.61,37.67,2812
53.49,38.87,2813
49.66,22.59,2814
48.92,28.35,2815
65.89,31.42,2816
83.9,28.87,2817
90.78,28.45,2818
88.84,27.04,2819
92.99,38.59,2820
90.36,22.46,2821
89.82,23.65,2822
86.34,28,2823
90.29,29.9,2824
93.1,36.41,2825
89.22,22.52,2826
91.73,26.15,2827
99.31,34.83,2828
89.48,21.65,2829
90.4,29.35,2830
91.99,27.79,2831
92.46,25.76,2832
91.02,23.8,2833
95.55,21.38,2834
97.57,40.54,2835
89.58,27.35,2836
92.17,35.28,2837
104.87,26.94,2838
81.42,17.39,2839
82.26,29.89,2840
81.17,22.16,2841
72.15,44.18,2842
75.21,10.76,2843
76.73,15.29,2844
80.88,24.99,2845
78.42,20.1,2846
77.66,39.9,2847
63.35,27.52,2848
76.66,25.6,2849
81.49,29.07,2850
78.67,23.86,2851
82.24,17.54,2852
80.81,33.54,2853
80.28,13.48,2854
86.74,25.33,2855
81.07,19.56,2856
81.76,21.36,2857
76.51,42.59,2858
81.79,24.83,2859
85.56,23.51,2860
84.67,21.29,2861
76.17,44.55,2862
80.49,8.01,2863
79.31,17.64,2864
85.51,30.15,2865
83.95,23.41,2866
76.8,30.09,2867
65.73,27.49,2868
80.82,35.45,2869
85.89,18.11,2870
76.34,21.81,2871
84.95,23.18,2872
84.73,19.64,2873
82.42,35.06,2874
84.27,24.5,2875
81.59,42.92,2876
89.82,21.67,2877
85.89,29.36,2878
86.28,18.89,2879
81.54,7.77,2880
85.68,21.39,2881
88.35,21.05,2882
66.8,27.36,2883
64.85,22.94,2884
65.14,25.79,2885
59.47,39.16,2886
63.51,15.27,2887
65.05,24.07,2888
63.16,19.55,2889
65.61,19.49,2890
61.01,25.55,2891
63.44,21.77,2892
51.42,25.12,2893
66.24,20.62,2894
67.53,22.46,2895
65.47,24.48,2896
66.66,25.98,2897
72.64,25.08,2898
64.27,23.07,2899
64.87,22.88,2900
61.53,39.04,2901
65.44,24.99,2902
70.52,23.15,2903
64.56,16.25,2904
50.48,20.66,2905
44.07,16.85,2906
43.59,18.72,2907
42.78,11.9,2908
46.23,16.86,2909
44.7,22.57,2910
44.56,21.76,2911
49.15,19.02,2912
44.79,16.18,2913
42.51,34.92,2914
43.85,20.02,2915
32.61,17.1,2916
43.88,26.13,2917
43.28,19.67,2918
41.15,20.95,2919
42.9,16.58,2920
43.64,21.99,2921
40.43,36.33,2922
39.11,12.12,2923
46.47,17.37,2924
44.08,15.83,2925
28.62,30.7,2926
38.6,26.84,2927
34.57,24.51,2928
34.14,26.38,2929
30.43,43.37,2930
35.03,31.61,2931
31.56,30.41,2932
33.16,21.39,2933
29.55,10.45,2934
37.34,28.44,2935
30.99,36.16,2936
34.29,29.74,2937
18.82,22.19,2938
33.55,20.38,2939
30.25,29.38,2940
33.51,29.62,2941
25.08,43.19,2942
25.93,10.17,2943
34.3,25.94,2944
27.14,36.72,2945
34.49,32.15,2946
34.45,23.74,2947
19.51,30.69,2948
36.37,20.03,2949
39.47,24.17,2950
44.97,37.4,2951
34.57,30.43,2952
36.2,44.53,2953
48.43,23.17,2954
34.83,25.53,2955
39.13,26.1,2956
35.07,26.73,2957
33.73,23.83,2958
36.27,30.7,2959
36.67,23.63,2960
35,28.13,2961
29.97,27.4,2962
35.3,45.73,2963
33.37,28.03,2964
29.47,26.73,2965
34.3,27.3,2966
33.93,26,2967
34.8,29.73,2968
33.33,24.7,2969
30.87,34.57,2970
49.77,10.03,2971
49.17,34.1,2972
57.83,31.5,2973
46.9,30.5,2974
50.9,44.1,2975
52.53,21.13,2976
45.3,25.63,2977
49.6,24.73,2978
47.4,27.03,2979
45.6,22.87,2980
45.63,20.1,2981
49.23,43.1,2982
46.73,25.83,2983
41.57,24.63,2984
48.27,9.3,2985
45.97,29.03,2986
41.8,23.67,2987
45.77,25.1,2988
44.9,23.37,2989
46.5,26.83,2990
44.97,20.93,2991
47.73,34.57,2992
78.73,28.72,2993
77.44,36.45,2994
72.31,21.95,2995
75,29.77,2996
72.87,30.03,2997
73.92,28.14,2998
78.41,28.16,2999
73.59,26.61,3000
74.63,31.37,3001
75.94,28.99,3002
75.02,25.15,3003
73.94,27.64,3004
74.74,29.11,3005
74.39,30.85,3006
75.3,24.34,3007
71,31.53,3008
65.47,35.75,3009
71.47,40.67,3010
70.49,29.56,3011
66.74,18.23,3012
64.06,24.01,3013
71.38,24.95,3014
74.2,30.72,3015
68.59,38.28,3016
68.34,35.74,3017
70.22,30.59,3018
68.43,9.83,3019
70.76,34.29,3020
67.96,32.37,3021
73.83,31.68,3022
70.51,27.26,3023
71.38,32.14,3024
69.02,28.23,3025
69.34,30.44,3026
70.76,31.53,3027
70.34,35.13,3028
70.81,26.5,3029
67.31,36.15,3030
57.32,35.8,3031
63.23,41.04,3032
64.93,30.85,3033
66.66,9.82,3034
58.36,22.17,3035
67.24,26.56,3036
63.64,30.45,3037
57,34.42,3038
60.57,29.05,3039
59.32,26.23,3040
60.42,31.96,3041
57.93,29.77,3042
63.17,29.01,3043
58.08,28.58,3044
58.45,26.52,3045
54.85,7.26,3046
56.24,27.76,3047
57.4,28.98,3048
58.63,29.66,3049
61.01,32.04,3050
57.77,26.73,3051
54.89,27.94,3052
55.29,32.99,3053
51.02,37.68,3054
55.69,26.28,3055
53.5,7.54,3056
40.85,26.16,3057
57.55,23.93,3058
49.13,24.85,3059
46.33,21.81,3060
45.46,26.13,3061
44.73,24.04,3062
44.82,22.96,3063
47.28,25.21,3064
47.07,23.31,3065
44.45,40.23,3066
51.6,24.49,3067
44.32,22.1,3068
43.94,19.81,3069
44.45,24.66,3070
45.11,27.17,3071
44.57,20.54,3072
42.5,19.41,3073
45.87,29.5,3074
42.86,40.82,3075
40.95,23.58,3076
40.49,16.6,3077
28.42,26.75,3078
42.07,26.34,3079
44.29,22.83,3080
24.97,24.11,3081
23.96,23.51,3082
19.18,35.35,3083
19.82,24.91,3084
20.59,42.96,3085
19.84,26.7,3086
19.49,23,3087
21.52,25.51,3088
19.85,23.46,3089
22.19,21.43,3090
21.52,27.59,3091
20.64,27.89,3092
19.27,23.4,3093
17.45,28.27,3094
12.73,41.73,3095
16.61,36.21,3096
22.08,25.91,3097
18.42,21.05,3098
8.68,27.13,3099
17.62,24.79,3100
15.31,17.3,3101
21.57,20.6,3102
35.31,30.6,3103
51.31,30.36,3104
33.19,27.68,3105
35.83,34.93,3106
38.09,18.9,3107
34.28,25.58,3108
36.99,22.54,3109
33.44,22.48,3110
33.67,19.35,3111
37.97,26.52,3112
34.62,23.2,3113
34.25,30.25,3114
33.37,25.81,3115
29.29,25.4,3116
34.83,35.12,3117
34.41,24.24,3118
32.73,25.89,3119
33.9,23.48,3120
35.05,28.19,3121
32.49,22.32,3122
33.34,19.84,3123
29.36,24.46,3124
48.46,8.67,3125
51.35,35.28,3126
59.05,31.97,3127
42.73,28.18,3128
45.83,43.86,3129
48.67,15.66,3130
43.84,21.59,3131
49.02,27.02,3132
44.25,19.61,3133
48.74,20.39,3134
43.17,24.16,3135
46.49,9.15,3136
42.36,24.04,3137
39.54,23.49,3138
45.07,43.68,3139
43.81,18.91,3140
41.9,21.43,3141
42.25,18.78,3142
42.08,27.34,3143
43.41,20.94,3144
48.13,34.06,3145
40.14,22.6,3146
53.88,14.31,3147
56.65,30.44,3148
66.17,35.1,3149
51.91,23.58,3150
55.12,44.35,3151
66.63,16.18,3152
52.51,20.26,3153
55.55,20.74,3154
52.56,16.76,3155
56.43,24.03,3156
53.22,21.38,3157
53.58,15.27,3158
52.49,21.18,3159
47.31,21.3,3160
53.91,45.34,3161
51.06,22.47,3162
53.93,20.79,3163
51.81,19.88,3164
52.12,23.06,3165
52.07,17.6,3166
49.41,32.58,3167
47.82,20.45,3168
68.76,29.06,3169
61.38,18.1,3170
63.25,27.47,3171
62.37,42.74,3172
62.23,29.63,3173
61.49,26.26,3174
67.24,28.58,3175
64.84,25.37,3176
62.81,24,3177
65.15,27.91,3178
63.46,26.61,3179
62.42,24.94,3180
60.05,24.08,3181
52.71,24,3182
60.88,43.43,3183
58.21,27.63,3184
55.32,17.2,3185
62.33,27.56,3186
49.31,36.03,3187
59.6,30.19,3188
63.13,25.8,3189
62.42,31.36,3190
89.07,38.99,3191
86.86,18.3,3192
77.47,22.19,3193
91.82,24.36,3194
88.97,8.82,3195
87.43,32.95,3196
91.67,29.48,3197
90.38,26.62,3198
91.8,25.43,3199
86.93,25.71,3200
90.93,33.11,3201
89.91,38.74,3202
92.63,25.21,3203
95.93,27.34,3204
89.78,7.94,3205
91.38,32.19,3206
96.84,26.52,3207
91.56,26.29,3208
91.13,27.48,3209
92.6,24.02,3210
92.48,29.58,3211
87.55,17.06,3212
73.46,42.37,3213
71.55,34.37,3214
64.41,16.2,3215
75.75,19.1,3216
73.87,8.36,3217
58.8,33.38,3218
75.75,25.87,3219
70.52,27.82,3220
75.48,22.17,3221
70.45,21.92,3222
74.86,30.23,3223
74.4,41.9,3224
76.15,21.97,3225
79.97,23.59,3226
75.38,15.23,3227
79.4,23.21,3228
76.71,25.73,3229
75.85,27.01,3230
77.3,19.82,3231
76.09,29.51,3232
74.56,8.72,3233
74.19,34.64,3234
45.56,34.94,3235
50.72,11.85,3236
44.61,15.37,3237
52.7,24.01,3238
49.33,10.8,3239
39.81,24.92,3240
47.8,25.72,3241
50.86,29.58,3242
48.94,29.32,3243
51.22,33.87,3244
51.86,26.46,3245
51.32,12.58,3246
52.44,26.41,3247
56.23,29.33,3248
50.81,33.36,3249
56.12,29.8,3250
52.19,27.23,3251
51.84,29.31,3252
52.56,24.39,3253
52.2,30.03,3254
52.04,11.59,3255
55.24,13.95,3256
40.63,34.56,3257
44.95,31.71,3258
41.49,17.94,3259
48.97,23.15,3260
47.38,9.37,3261
29.13,26.13,3262
43.52,26.76,3263
48.99,27.07,3264
51.28,19.47,3265
48.52,30.98,3266
48.84,25.27,3267
47.72,32.12,3268
49.72,23.56,3269
53.01,24.65,3270
48.78,9.16,3271
50.3,27.98,3272
54.27,25.56,3273
49.4,25.77,3274
49.02,26.19,3275
51.46,20.54,3276
49.59,26.68,3277
48.9,31.32,3278
16.58,33.7,3279
17.43,30.74,3280
11.91,18.05,3281
21.23,21.64,3282
19.72,10.66,3283
19.2,27.71,3284
20.14,25.73,3285
21.52,25.08,3286
18.98,22.13,3287
21.63,28.29,3288
21.14,23.88,3289
21.96,31.33,3290
21.39,23.66,3291
25.69,24.19,3292
21.29,10.42,3293
22.73,27.58,3294
26.78,25.01,3295
21.66,24.15,3296
22.06,25.43,3297
21.8,22,3298
21.36,25.56,3299
20.82,29.24,3300
20.06,35.44,3301
16.71,19.51,3302
9.18,18.93,3303
22.62,23.4,3304
19.33,9.35,3305
11.61,31.71,3306
22.11,29.45,3307
16.47,25.89,3308
17.76,28.62,3309
20.87,30.03,3310
21.59,26.56,3311
21.3,9.91,3312
22.22,26.13,3313
25.61,27.92,3314
22.18,20.81,3315
21.56,30.01,3316
25.49,29.06,3317
21.88,26.43,3318
21.8,28.38,3319
22.55,25.04,3320
22.81,28.95,3321
19.64,22.14,3322
31,29.85,3323
36.45,9.48,3324
34.67,28.22,3325
34.96,25.69,3326
35.86,31.7,3327
31.39,29.39,3328
36.53,39.58,3329
35.49,32.57,3330
33.69,27.84,3331
37.68,45.21,3332
34.42,33.55,3333
35.29,27.5,3334
35.47,24.75,3335
36.28,32.34,3336
39.93,31.82,3337
51.32,29.42,3338
38.11,9.74,3339
41,40.94,3340
37.78,24.68,3341
39.46,28.5,3342
44.57,44.67,3343
34.29,34.48,3344
65.93,35.01,3345
66.82,18.1,3346
52.55,22.42,3347
69.3,33.1,3348
65.92,29.21,3349
70.18,29.65,3350
70.39,31.6,3351
71.05,34.96,3352
71.68,27.34,3353
67.99,11.25,3354
72.61,25.18,3355
70.57,32.29,3356
71.86,30.69,3357
74.51,29.61,3358
68.8,10.41,3359
70.06,32.54,3360
75.63,29.98,3361
70.99,27.33,3362
70.53,29.92,3363
73.07,26.12,3364
69.09,31.19,3365
67.98,17.16,3366
28.87,32.42,3367
34.57,12.79,3368
33.64,29.02,3369
33.72,31.07,3370
36.04,45.74,3371
35.23,30.06,3372
32.76,32.84,3373
28.52,33.41,3374
32.95,31.69,3375
31.81,32.86,3376
32.28,36.46,3377
32.22,31.9,3378
34.55,28.7,3379
33.07,36.74,3380
37.66,25.03,3381
36.57,12.74,3382
37.3,33.05,3383
37.97,45.76,3384
50.6,32.3,3385
34.67,35.43,3386
34.49,31.08,3387
36.82,30.81,3388
30.96,29.65,3389
35.68,15.75,3390
33.57,26.8,3391
33.9,22.96,3392
33.45,24.32,3393
35.26,28.27,3394
28.24,28.61,3395
33.93,29.3,3396
32.32,28.53,3397
35.28,44.55,3398
33.1,33.17,3399
34.34,29.16,3400
35.26,23.28,3401
38.79,28.25,3402
45.61,21.49,3403
41.02,14.53,3404
38.13,21.59,3405
34.43,26.69,3406
47.79,32.83,3407
38.47,33.51,3408
43.05,44.84,3409
33,34.22,3410
53.67,23.98,3411
61.26,17.65,3412
57.48,21.74,3413
61.36,33.78,3414
54.63,19.95,3415
57.25,25.46,3416
56.28,26.02,3417
58.61,20.45,3418
62.98,44.77,3419
52.96,23.31,3420
61.59,26.16,3421
56.85,26.09,3422
56.23,18.45,3423
58.44,27.41,3424
71.4,16.86,3425
61.42,17.01,3426
65.52,28.15,3427
64.25,45.17,3428
76.35,35.22,3429
63.25,33.3,3430
57.2,20.86,3431
63.1,22.03,3432
47.97,23.96,3433
54.92,42.09,3434
53.57,17.92,3435
50.67,21.56,3436
50.04,20.11,3437
51.02,24.82,3438
51.3,27.87,3439
52.13,18.54,3440
57.01,41.75,3441
47.37,23.28,3442
54.08,26.45,3443
49.53,21.55,3444
51.19,19.83,3445
50.71,28.34,3446
61.65,17.32,3447
54.21,16.33,3448
57.63,26.48,3449
63.47,43.4,3450
67.53,36.39,3451
58.12,38.96,3452
51.07,25.58,3453
56.4,22.1,3454
95.61,45.45,3455
90.94,18.22,3456
80.51,25.11,3457
98.6,25.99,3458
96.44,28.96,3459
95.67,9.82,3460
95.9,36.29,3461
93.48,32.54,3462
98.05,33.14,3463
96.14,35.16,3464
98.5,29.93,3465
96.3,46.35,3466
99.33,30.45,3467
101.55,29.77,3468
96.61,10.19,3469
96.93,35.11,3470
101.52,30.14,3471
99.56,32.46,3472
99.57,34.58,3473
99.23,26.83,3474
98.24,32.98,3475
95.03,19.12,3476
104.18,30.13,3477
108.13,35.27,3478
106.59,30.47,3479
107.31,28.2,3480
107.73,28.39,3481
102.96,30.97,3482
108.21,29.08,3483
107.36,26.82,3484
106.49,29.76,3485
107,30.99,3486
105.51,31.85,3487
107.2,27.6,3488
106.37,30.49,3489
107.02,33.37,3490
111.97,33.15,3491
113.4,25.49,3492
111.52,28.12,3493
107.64,28.35,3494
109.39,36.37,3495
107.9,24.49,3496
108.15,26.34,3497
111.99,30.55,3498
80.17,17.95,3499
67.32,21.28,3500
85.25,20.57,3501
80.75,8.66,3502
73.86,32.97,3503
83.48,25.6,3504
85.96,31.83,3505
82.08,22.59,3506
83.99,28.17,3507
84.82,25.19,3508
82.22,41.01,3509
84.39,39.49,3510
85.23,23.63,3511
89.35,26.28,3512
84.16,8.87,3513
86.56,31.18,3514
89.36,27.52,3515
85.1,26.19,3516
85.69,25.81,3517
87.16,22.62,3518
84.76,28.53,3519
83.81,16.84,3520
41.13,31.22,3521
46.89,12.62,3522
49.44,22.58,3523
45.66,28.17,3524
48.04,8.9,3525
44.14,25.58,3526
46.61,29.8,3527
44.78,31.17,3528
48.84,46.49,3529
41.05,31.81,3530
43.34,34.21,3531
45.45,30.74,3532
45.51,24.74,3533
46.32,27.23,3534
52.78,25.71,3535
61.83,19.32,3536
56.21,8.94,3537
51.45,14.93,3538
63.11,34.35,3539
52.06,33.92,3540
50.16,46.74,3541
42.21,34.59,3542
38.84,29.86,3543
43.31,12.24,3544
43.03,28.7,3545
42.69,8.48,3546
42.2,26.65,3547
43.62,29.93,3548
43.53,15.55,3549
42.54,30.54,3550
43.5,46.47,3551
39.24,30.95,3552
41.29,33.51,3553
44.77,29.71,3554
43.39,24.19,3555
46.32,30.57,3556
65.45,26.87,3557
71.6,12.81,3558
45.07,8.29,3559
45.6,12.04,3560
66.55,42.95,3561
46.55,14.61,3562
45.52,46.95,3563
41.97,34.78,3564
87.24,26.98,3565
86.12,32.1,3566
86.05,28.51,3567
85.44,10.4,3568
86.08,30.61,3569
85.45,26.69,3570
92.21,26.97,3571
88.4,27.1,3572
85.06,25.41,3573
88.79,22.34,3574
84.81,24.33,3575
84.89,26.15,3576
84.42,28.84,3577
84.77,32.66,3578
80.29,27.38,3579
77.02,32.5,3580
82.27,36.48,3581
80.35,24.37,3582
83,10.1,3583
73.04,19.55,3584
81.55,20.25,3585
84.47,23.21,3586
86.74,17.83,3587
87.33,34.26,3588
98.61,30.62,3589
83.27,27.92,3590
84.75,43.82,3591
84.72,20.14,3592
84.44,21.71,3593
87.26,26.23,3594
86.38,22.4,3595
84.3,19.06,3596
84.58,24.4,3597
83.57,20.33,3598
82.23,23.14,3599
79.44,23.87,3600
83.88,44.35,3601
83.65,19.25,3602
83.48,21.78,3603
79.28,22.32,3604
83.59,24.12,3605
81.89,27.11,3606
83.76,21.37,3607
85.14,33.77,3608
96.66,10.99,3609
99.88,36.31,3610
108.57,30.89,3611
95.79,28.16,3612
96.91,42.52,3613
104.47,18.42,3614
96.24,23.59,3615
100.34,26.98,3616
96.76,21.9,3617
98.4,21.57,3618
96.03,18.81,3619
95.09,11.74,3620
94.34,23.24,3621
91.29,23.91,3622
95.12,42.6,3623
95.28,19.09,3624
95.29,22.27,3625
91.28,25.49,3626
95.36,23.8,3627
94.59,27.02,3628
95.76,21.48,3629
96.24,34.59,3630
102.94,21.09,3631
97.94,23.36,3632
98.29,17.14,3633
98.72,20.56,3634
96.35,43.83,3635
97.6,21.99,3636
98.56,19.29,3637
103.43,20,3638
99.3,18.54,3639
98.84,14.74,3640
99.24,17.51,3641
98.15,20.65,3642
96.89,23.07,3643
81.06,23.66,3644
94.35,43.38,3645
94.81,18.65,3646
93.32,15.25,3647
95.46,26.79,3648
95.38,21.59,3649
98.48,18.48,3650
98.54,17.85,3651
98.69,13.97,3652
94.92,22.67,3653
91.62,27.99,3654
91.14,24.78,3655
91.48,27.17,3656
90.76,22.17,3657
96.5,21.99,3658
90.51,21.5,3659
91.75,24.1,3660
89.52,7.34,3661
92.04,19.63,3662
92.51,20.82,3663
89.82,22.2,3664
90.96,28.01,3665
82.94,28.66,3666
92,28.68,3667
87.83,20.65,3668
87.69,7.16,3669
81.16,15.96,3670
90.55,20.74,3671
90.63,25.27,3672
91.68,18.91,3673
88.69,24.01,3674
91.87,23.21,3675
91.34,15.59,3676
91.91,17.43,3677
90.02,23.8,3678
90.41,42.62,3679
89.62,25.5,3680
89.1,22.37,3681
96.91,23.09,3682
89.99,21.3,3683
89.98,17.87,3684
91.24,19.77,3685
88.98,23.52,3686
88.2,28.37,3687
85.17,19.94,3688
87.7,16.3,3689
79.98,40.95,3690
89.1,15.12,3691
75.33,24.29,3692
86.11,22.46,3693
85.46,11.63,3694
89.47,26.41,3695
89.12,20.47,3696
71.62,23.64,3697
67.01,45.65,3698
68.98,26.74,3699
66.91,24.5,3700
67.39,9.63,3701
67.11,25.12,3702
67.43,22.88,3703
67.21,36.56,3704
66.69,22.24,3705
70.94,23.92,3706
68.17,20.47,3707
66.38,25.39,3708
62.93,27.36,3709
49.43,27.65,3710
65.45,45.25,3711
62.96,37.6,3712
67.49,26.94,3713
66.79,23.13,3714
59.5,18.16,3715
64.1,23.29,3716
65.61,9.03,3717
66.99,19.42,3718
64.28,23.79,3719
61.99,28.3,3720
61.58,26.07,3721
61.58,9.66,3722
61.73,27.64,3723
60.27,25.48,3724
61.77,21.41,3725
61.7,24.6,3726
65.86,24.22,3727
61.3,20.75,3728
64.04,24.5,3729
60.71,26.47,3730
60.13,19.05,3731
56.45,26.59,3732
51.92,29.59,3733
58.23,32.02,3734
56.59,23.16,3735
59.23,9.49,3736
60.35,28.28,3737
60.65,24.28,3738
50.81,17.4,3739
58.13,19,3740
61.59,24.65,3741
58.01,26.68,3742
57.18,25.35,3743
56.12,8.7,3744
57.8,25.51,3745
56.79,22.84,3746
62.26,25.6,3747
59.13,25.51,3748
56.93,27.72,3749
58.54,21.64,3750
58.56,27.86,3751
57.14,22.59,3752
57.29,25.79,3753
57.38,26.82,3754
55.59,28.78,3755
56.7,28.74,3756
54.62,30.57,3757
54.67,26.14,3758
54.44,8.94,3759
58.4,20.74,3760
42.4,23.27,3761
54.68,23.69,3762
59.8,26.27,3763
55.13,16.25,3764
56.13,30.02,3765
55.91,27.75,3766
55.25,42.02,3767
55.61,28.28,3768
55.62,26.12,3769
60.58,25.6,3770
55.53,24.94,3771
53.8,10.22,3772
56.4,23.51,3773
55.23,25.64,3774
55.8,28.17,3775
55.6,22.83,3776
53.11,23.69,3777
43.37,22.45,3778
53.87,41.95,3779
51.45,16.01,3780
55.29,30.09,3781
49.19,33.1,3782
52.77,26.81,3783
46.56,9.79,3784
57.77,28.41,3785
53.31,45.21,3786
54.43,31.65,3787
54.07,29.78,3788
52.59,9.72,3789
53.36,30.31,3790
54.5,27.82,3791
53.46,26.95,3792
56.01,26.95,3793
58.57,27.64,3794
54.62,25.23,3795
54.33,28.3,3796
53.5,29.57,3797
53.55,31.71,3798
50.63,29,3799
34.95,28.5,3800
51.28,45.26,3801
50.41,34.25,3802
50.38,23.28,3803
52.04,26.52,3804
50.98,9.65,3805
54.65,24.35,3806
54.42,24.17,3807
48.77,14.2,3808
51.19,23.94,3809
49.89,32.73,3810
50.86,26.27,3811
49.12,25.46,3812
50.13,23.84,3813
52.47,26.86,3814
51.47,12.6,3815
54.47,26.34,3816
51.12,21.06,3817
49.16,24.09,3818
49.53,28.76,3819
47.58,21.84,3820
33.22,26.44,3821
43,36.59,3822
44.52,14.14,3823
51.36,18.49,3824
46.91,30.4,3825
48.5,25.98,3826
42.74,11.22,3827
51.05,19.13,3828
48.14,21.36,3829
45.2,25.07,3830
44.93,21.98,3831
43.47,23.53,3832
41.94,20.98,3833
43.34,42.13,3834
45.92,19.37,3835
44.81,18.1,3836
47.98,19.4,3837
49.51,20.77,3838
45.13,19.27,3839
40.87,18.07,3840
28.05,23.91,3841
36.27,41.56,3842
40.39,22.71,3843
40.91,14.78,3844
44.46,25.2,3845
44.81,22.66,3846
41.36,29.18,3847
41.6,24.6,3848
44.65,19.79,3849
44.48,18.6,3850
46.77,23.6,3851
44.29,17.61,3852
45.17,24.09,3853
43.94,25.45,3854
43.78,23.82,3855
48.22,24.04,3856
44.9,35.84,3857
45.37,21.58,3858
45.18,16.48,3859
44.68,44.91,3860
44.59,20.77,3861
39.41,20.46,3862
26.7,24.56,3863
42.43,44.89,3864
41.07,26.02,3865
38.38,15.28,3866
43,25.74,3867
43.35,23.2,3868
35.01,35.9,3869
42.49,31.04,3870
43.82,20.44,3871
43.58,18.57,3872
37.74,23.51,3873
32.61,34.14,3874
33.29,26.6,3875
32.66,24.39,3876
33.23,42.41,3877
32.87,24.91,3878
32.98,22.54,3879
32.72,21.73,3880
32.94,8.37,3881
37.6,21.33,3882
33.91,19.82,3883
32.39,22.71,3884
32.22,25.5,3885
32.28,27.12,3886
29.24,25.17,3887
21.63,33.4,3888
25.2,42.56,3889
29.12,31.25,3890
22.71,16.64,3891
30.5,20.66,3892
25.44,8.01,3893
33.49,18.96,3894
30.66,24.04,3895
26.85,31.94,3896
26.91,23.75,3897
24.89,16.88,3898
25.51,24.95,3899
26.01,22.71,3900
27.31,25.19,3901
25.93,27.27,3902
30.98,25.06,3903
27.54,21.3,3904
27.67,27.92,3905
26.07,22,3906
26.94,22.89,3907
25.35,27.53,3908
22.48,27.85,3909
25.58,29.35,3910
20.87,33.9,3911
22.44,25.34,3912
17.77,15.7,3913
16.34,22.65,3914
23.18,21.79,3915
27.05,20.15,3916
23.69,30.57,3917
19.31,12.96,3918
20.48,36.22,3919
20.92,33.78,3920
21.57,35.03,3921
18.89,32.8,3922
27,33.24,3923
20.97,31.59,3924
19.86,38.67,3925
22.69,37.35,3926
19.9,29.91,3927
20.4,31.17,3928
19.56,35.44,3929
18.84,38.59,3930
11.94,37.07,3931
13.94,40.8,3932
15.65,33.35,3933
16.66,12.48,3934
10.89,23.68,3935
16.49,30.64,3936
19.91,33.81,3937
20.22,27.33,3938
98.98,30.17,3939
95.31,37.36,3940
95.82,31.41,3941
94.13,9.69,3942
94.71,32.02,3943
93.77,29.29,3944
100.75,30.94,3945
94.46,29.02,3946
93.93,35.17,3947
96.53,32.81,3948
96.71,25.75,3949
93.82,28.96,3950
96.12,32.31,3951
91.82,36.76,3952
86.84,39.67,3953
91.27,30.41,3954
92.2,9.95,3955
78.57,27.36,3956
92.98,27.1,3957
94.66,30.94,3958
96.19,24.84,3959
92.32,33.49,3960
31.19,23.47,3961
35.46,23.61,3962
35.73,22.09,3963
34.71,26.42,3964
29.32,23.97,3965
34.95,24.8,3966
32.91,22.86,3967
34.68,28.45,3968
37.11,44.86,3969
36.3,26.41,3970
34.47,21.49,3971
34.55,24.12,3972
36.18,20.12,3973
37.71,19.29,3974
51.26,27.35,3975
40.13,17.72,3976
39.12,23.94,3977
38.82,44.77,3978
38.69,30.03,3979
38.27,26.02,3980
35.85,22.76,3981
35.45,27.53,3982
33.4,29.11,3983
38.89,44.92,3984
36.84,28.76,3985
38.2,9.64,3986
38.31,26.27,3987
38.59,29.71,3988
39.42,39.29,3989
35.51,31.43,3990
37.82,32.87,3991
32.19,29.68,3992
36.59,30.9,3993
37.38,28.45,3994
36.67,22.87,3995
39.81,34.06,3996
56.42,27.26,3997
39.82,9.78,3998
43.05,39.96,3999
40.68,25.52,4000
39.46,30.31,4001
47.34,44.62,4002
37.15,30.2,4003
37.2,32.1,4004
25.33,29.79,4005
28.65,15.27,4006
29.33,28.4,4007
28.74,44.39,4008
29.35,26.81,4009
29.97,29.98,4010
30.06,38.46,4011
28.97,30.71,4012
29.6,7.21,4013
24.93,31.45,4014
28.81,32.84,4015
30.9,31.76,4016
30.79,27.66,4017
36.51,27.52,4018
47.21,15.23,4019
32.29,7.08,4020
39.98,17.61,4021
29.41,24.48,4022
47.82,36.69,4023
38.38,36.79,4024
34.54,44.95,4025
29.16,34.36,4026
48.51,44.94,4027
49.27,34.18,4028
49.4,17.16,4029
33.45,26.83,4030
52.88,25.36,4031
55.32,27.53,4032
52.54,22.97,4033
54.65,28.44,4034
54,22.79,4035
45.22,15.33,4036
53.42,16.91,4037
53.25,16.04,4038
54.46,22.55,4039
58.4,23.61,4040
54.63,18.79,4041
54.76,26.37,4042
53.88,25.42,4043
53.43,22.26,4044
55.57,26.7,4045
51.7,34.56,4046
51.88,45.06,4047
58.61,22.25,4048
13.24,28.51,4049
15.42,20.78,4050
16.39,23.36,4051
18.41,20.71,4052
15.68,22.86,4053
18.2,25.73,4054
10.88,25.88,4055
17.13,27.86,4056
17.98,18.23,4057
20.07,46.64,4058
19.5,30.26,4059
18.9,21.55,4060
19.68,19.04,4061
34.51,25.55,4062
24.08,16.63,4063
22.24,26.29,4064
21.28,46.37,4065
19.05,29.35,4066
17.12,26.76,4067
20.61,32.17,4068
16.71,31.83,4069
16.78,22.49,4070
12.06,25.05,4071
15.6,18.66,4072
17.19,23.92,4073
16.9,10.54,4074
16.7,23.28,4075
16.04,26.13,4076
11.12,25.7,4077
17.03,28.08,4078
14.55,24.45,4079
17.56,43.45,4080
15.43,28.73,4081
15.41,20.22,4082
19.93,22.35,4083
26.61,17.6,4084
18.57,10.37,4085
20,26.84,4086
19.58,43.65,4087
15.81,29.5,4088
16.6,26.4,4089
24.41,32.13,4090
18.93,29.86,4091
17.37,23.04,4092
19.89,21.88,4093
25.53,37.44,4094
21.9,22.72,4095
23.22,24.99,4096
26.6,11.18,4097
23.3,22.27,4098
24.17,23.86,4099
23.9,25.42,4100
27.72,44.58,4101
20.37,21.62,4102
21.83,27.9,4103
23.97,23.33,4104
23.02,21.16,4105
24.37,26.63,4106
35.28,22.48,4107
30.01,11.54,4108
27.49,36.74,4109
21.75,28.92,4110
25.2,17.61,4111
26.28,24.62,4112
32.05,43.49,4113
23.94,24.9,4114
19.55,29.56,4115
23.77,28.18,4116
23.34,27.69,4117
24.21,30.45,4118
22.18,29.07,4119
23.58,26.33,4120
23.55,25.46,4121
24.31,42.66,4122
18.34,28.82,4123
23.1,32.43,4124
21.63,26.11,4125
24.35,31.04,4126
23.82,27.32,4127
23.07,24.78,4128
27.88,22.1,4129
27.46,27.72,4130
26.37,43.39,4131
24.06,26.65,4132
38.48,31.09,4133
26.66,31.79,4134
23.5,33.35,4135
26.2,26.44,4136
18.64,26.83,4137
22.77,26.06,4138
22.81,25.29,4139
21.5,27.37,4140
23.01,28.88,4141
22.42,22.98,4142
21.5,32.83,4143
24.64,43.9,4144
17.77,27.62,4145
21.4,30.85,4146
20.41,28.74,4147
21.35,26.98,4148
23.44,26.13,4149
23.26,22.84,4150
22.35,33.73,4151
25.25,20.02,4152
25.98,28.79,4153
25.84,44.29,4154
37.69,29.32,4155
24.57,31.9,4156
21.54,31.66,4157
25.18,26.39,4158
20.29,26.98,4159
24.85,15.7,4160
23.98,31.76,4161
23.62,27.38,4162
24.29,24.34,4163
24.92,27.08,4164
23.6,35.11,4165
25.67,28.59,4166
26.75,8.08,4167
20.62,26.37,4168
24.84,29.31,4169
25.83,26.48,4170
24.82,22.11,4171
40.91,25.49,4172
32.27,8.52,4173
29.13,25.38,4174
30.09,14.21,4175
25.78,29.49,4176
27.36,33.17,4177
27.76,29.75,4178
29.99,40.38,4179
24.01,32.6,4180
64.86,44.97,4181
62.9,22.17,4182
53.42,19.8,4183
67.99,30.72,4184
65.61,35.15,4185
67.04,10.83,4186
50.17,38.46,4187
63.06,31.42,4188
69.06,32.86,4189
68.61,37.1,4190
66.79,31.29,4191
67.15,12,4192
67.08,31.91,4193
73.1,32.44,4194
66.55,44.64,4195
68.04,29.82,4196
67.21,34.63,4197
69.57,33.4,4198
67.64,31.5,4199
68.91,36.52,4200
66.03,21.4,4201
73.37,33.27,4202
53.28,39.11,4203
51.97,17.91,4204
58.39,33.98,4205
60.32,24.73,4206
53.83,9.66,4207
40.57,27.53,4208
55.14,28.83,4209
60.47,27.43,4210
58.94,32.17,4211
59.45,34.39,4212
61.07,28.67,4213
60.6,34.53,4214
61.2,27.69,4215
64.56,30.34,4216
58.6,10.22,4217
59.82,33.9,4218
59.19,30.81,4219
60.08,28.98,4220
61.86,26.13,4221
59.71,32.24,4222
58.24,19.13,4223
65.55,31.01,4224
50.24,26.28,4225
53.42,30.26,4226
52.18,25.31,4227
54.59,23.45,4228
53.93,27.67,4229
53.74,22.73,4230
52.35,27.83,4231
52.45,31.33,4232
54.07,10.03,4233
48.36,26.66,4234
52.67,29.18,4235
53.24,30.76,4236
55.8,9.43,4237
56.98,25.31,4238
57.78,32.17,4239
53.94,22.44,4240
51.96,24.36,4241
69.14,25.71,4242
56.36,20.69,4243
52.84,28.44,4244
53.66,28.96,4245
55.55,28.64,4246
48.1,31.09,4247
51.64,26.28,4248
51.89,29.98,4249
52.18,28.9,4250
52.14,32.1,4251
52.37,32.88,4252
52,37.56,4253
53.61,45.66,4254
46.91,31.8,4255
50.05,35.16,4256
49.65,32.96,4257
67.69,29.93,4258
55.95,25.07,4259
55.17,32.71,4260
54.81,45.9,4261
52.17,25.57,4262
53.03,32.41,4263
54.81,38.82,4264
53.53,34.87,4265
52.95,29.24,4266
50.49,36.04,4267
54.53,30.43,4268
55.14,29.08,4269
58.45,32.75,4270
58.73,27.81,4271
58.23,25.35,4272
59.41,28.33,4273
59.64,8.43,4274
59.37,29.69,4275
58.39,22.49,4276
54.35,28.25,4277
58.99,30.33,4278
56.9,27.58,4279
73,25.12,4280
61.23,9.05,4281
62.36,28.92,4282
63.02,37.33,4283
58.54,24.52,4284
59.62,27.58,4285
62.09,21.43,4286
61.52,26.02,4287
59.99,29.9,4288
59.24,32.48,4289
61.59,30.91,4290
94.18,45.49,4291
97.44,26.48,4292
97.57,29.02,4293
78.32,29.27,4294
97.88,32.54,4295
95.51,33.05,4296
97.81,34.3,4297
97.32,29.81,4298
97.95,36.88,4299
93.45,13.11,4300
94.06,30.29,4301
96.4,13.82,4302
97.14,30.54,4303
101.37,31.73,4304
96.23,46,4305
98.81,34.13,4306
98.95,32.63,4307
99.59,30.93,4308
98.08,30.06,4309
98.43,36.13,4310
98.35,29.08,4311
103.22,32.21,4312
97.99,39.06,4313
103.67,29.18,4314
91.28,32.17,4315
101.44,21.96,4316
101.39,25.22,4317
100.92,28.33,4318
103.66,23.33,4319
100.73,18.53,4320
97.55,22.15,4321
97.37,25.94,4322
105.57,24.29,4323
102.09,27.23,4324
109.72,29.94,4325
101.1,33.74,4326
104.55,23.58,4327
101.87,28.41,4328
100.24,19.17,4329
97.92,25.92,4330
105.32,23.36,4331
100.81,26.17,4332
96.75,35.16,4333
105.91,23.83,4334
45.4,32.78,4335
39.57,14.73,4336
35.73,25.25,4337
39.45,21.86,4338
35.98,18.97,4339
39.75,25.91,4340
35.71,16.89,4341
36.04,21.5,4342
37.21,43.38,4343
50.81,23.55,4344
39.19,36.62,4345
35.86,24.12,4346
33.54,19.06,4347
35.34,21.43,4348
33.68,22.58,4349
31.02,23.27,4350
35.66,19.6,4351
36.19,43.66,4352
34.59,17.29,4353
35.86,36.57,4354
30.5,23.93,4355
29.5,31.67,4356
40.19,32.87,4357
33.13,8.85,4358
27.36,15.57,4359
20.34,25.31,4360
26.73,24.22,4361
17.81,18.89,4362
21.78,23.07,4363
25.28,46.08,4364
36.37,18.9,4365
27.94,35.9,4366
18.54,28.47,4367
24.21,45.19,4368
18.34,27.01,4369
21.31,22.12,4370
20.88,23.35,4371
19.57,24.35,4372
16.27,23.21,4373
25.33,34.49,4374
26.86,8.86,4375
18.06,19.8,4376
25.44,25.37,4377
15.32,23.56,4378
43.59,31.17,4379
36.18,17.11,4380
34.9,22.42,4381
35.75,25.42,4382
40.11,25.08,4383
38.15,26.9,4384
37.3,22.48,4385
35.92,25.53,4386
34.75,33.84,4387
44.69,20.93,4388
35.84,28.92,4389
31.19,19.25,4390
35.49,27.24,4391
35.19,24.15,4392
35.42,25.14,4393
35.15,25.81,4394
31.78,25.65,4395
34.27,22.42,4396
30.86,31.46,4397
34.43,23.78,4398
35.39,28.61,4399
30.59,26.1,4400
58.03,35.92,4401
44.43,12.17,4402
37.73,22.49,4403
40.48,28.8,4404
44.15,20.19,4405
43.15,23,4406
40.72,19.38,4407
41.44,23.18,4408
46.57,41.17,4409
55.8,17.42,4410
42.48,32.95,4411
41.19,12.17,4412
40.37,27.11,4413
38.1,22.02,4414
41.23,22.19,4415
40.93,23.8,4416
34.55,22.97,4417
41.26,33.11,4418
43.45,44.12,4419
39.66,19.39,4420
34.34,24.26,4421
40.4,19.92,4422
49.44,28.66,4423
34.81,8.84,4424
33.68,23.8,4425
32.89,24.57,4426
33.71,22.1,4427
36.6,25.54,4428
31.16,19.84,4429
34.28,44.14,4430
40.34,17.96,4431
35.81,32.47,4432
30.85,29.24,4433
33.39,43.75,4434
30.74,27.99,4435
32.87,23.58,4436
32.02,24.93,4437
33.33,25.54,4438
28.53,23.32,4439
32.1,33.73,4440
33.05,8.57,4441
32.63,22.02,4442
27.55,23.57,4443
29.99,24.76,4444
58.36,28.47,4445
50.89,11.1,4446
42.51,31.6,4447
40.03,34.22,4448
42.62,32.96,4449
45.36,27.33,4450
42.4,28.19,4451
44.16,43.12,4452
43.66,36.18,4453
47.11,20.79,4454
40.07,37.82,4455
43.93,11.2,4456
39.38,37.39,4457
41.7,32.68,4458
39,34.03,4459
42.32,35.72,4460
36.23,33.21,4461
44.15,21.85,4462
43.08,43.4,4463
41.73,31.37,4464
36.1,31.9,4465
41.85,28.64,4466
72.5,35.19,4467
60.69,10.66,4468
58.16,25.2,4469
63.38,18.4,4470
60.73,26.78,4471
57.61,20.9,4472
58.6,24.32,4473
61.24,43.74,4474
72.06,17.3,4475
58.66,38.36,4476
56.21,29.71,4477
55.66,28.96,4478
58.06,24.03,4479
57.79,25.03,4480
57.84,26.16,4481
53.97,23.49,4482
53.2,42.06,4483
56.64,42.56,4484
58.15,22.92,4485
52.62,12.27,4486
59.1,11.55,4487
53.51,24.05,4488
93.43,33.53,4489
81.71,11.14,4490
76.65,26.97,4491
80.47,22.13,4492
79.27,26.83,4493
74.4,19.05,4494
77.54,23.81,4495
80.16,42.84,4496
92.32,17.8,4497
79.04,32.46,4498
74.61,31.18,4499
76.83,10.13,4500
74.24,30.07,4501
77.04,24.28,4502
76.4,26.98,4503
76.11,27.53,4504
77.51,35.38,4505
74.88,20.37,4506
77.41,43.33,4507
76.64,23.58,4508
71.19,25.81,4509
72.07,25.32,4510
95.91,25.54,4511
88.36,9.78,4512
81.88,26.52,4513
82.59,21.83,4514
76.92,32.58,4515
80.42,25.25,4516
79.25,26.32,4517
80.46,43.96,4518
81.34,29.77,4519
83.58,15.7,4520
80.01,24.1,4521
77.27,31.67,4522
80.06,25.73,4523
78.63,26.31,4524
79.16,27.23,4525
75.74,26.7,4526
80.46,16.71,4527
79.35,44.5,4528
79.77,25.43,4529
80.96,10.33,4530
79.47,24.63,4531
74.43,27.01,4532
114.04,23.01,4533
109.24,15.54,4534
106.43,19.6,4535
109.77,18.79,4536
106.58,25.44,4537
108.23,20.34,4538
109.7,22.01,4539
107.36,23.59,4540
107.57,22.04,4541
109.23,32.13,4542
106.64,27.7,4543
103.9,17.58,4544
107.45,24.27,4545
107.37,21.17,4546
107.17,22.14,4547
107.31,23.08,4548
103.6,23.02,4549
106.49,26.03,4550
103.07,28.02,4551
106.94,20.63,4552
102.79,23.4,4553
106.02,20.42,4554
85.11,25.74,4555
85.59,26.38,4556
89.4,27.44,4557
84.37,9.89,4558
85.93,28.23,4559
85.83,27.56,4560
90.72,28.14,4561
84.85,28.94,4562
86.26,25.04,4563
86.56,29.55,4564
87.01,31.95,4565
86.11,21.65,4566
86.85,29.29,4567
87.02,31.4,4568
81.92,24.28,4569
84.85,26.64,4570
80.57,28.53,4571
85.4,25.1,4572
85.28,28.17,4573
75.26,35.54,4574
85.41,27.09,4575
74.03,13.71,4576
47.19,23.45,4577
47.1,22.1,4578
42.89,23.36,4579
49.01,44.21,4580
46.34,18.87,4581
46.75,20.9,4582
43.23,21.69,4583
47.62,34.58,4584
47.25,25.23,4585
46.62,27.73,4586
50.2,12.03,4587
57.8,43.81,4588
48.33,16.74,4589
58.89,12.55,4590
49.81,21.97,4591
54.21,26.33,4592
47.41,27.71,4593
48.07,20.78,4594
69.18,33.44,4595
52.46,31.61,4596
47.88,23.12,4597
66.53,19.49,4598
60.93,42.66,4599
69.22,25.69,4600
69.72,25.41,4601
54.76,21.62,4602
69.92,27.25,4603
67.96,23.15,4604
69.92,32.01,4605
68.9,8.02,4606
65.58,34.06,4607
64.23,17.22,4608
72.02,20.02,4609
70.19,42.61,4610
72.14,21.51,4611
70.35,26.11,4612
70.57,25.66,4613
70.06,24.05,4614
74.24,26.23,4615
69.99,17.21,4616
70.13,7.28,4617
70.62,27.46,4618
70.82,33.51,4619
74.62,25.41,4620
15.34,24.92,4621
15.64,23.88,4622
11.39,23.32,4623
14.75,22.14,4624
14.43,23.24,4625
13.44,21.16,4626
14.9,25.85,4627
13.9,22.85,4628
15.12,20.68,4629
10.67,22.92,4630
18.28,39.59,4631
14.54,28.28,4632
15.76,20.84,4633
13.92,18.54,4634
18.65,25.59,4635
15.98,24.98,4636
15.22,22.32,4637
19.39,23.25,4638
21.59,17.85,4639
15.48,26.06,4640
14.81,23.37,4641
21.77,37.98,4642
29.88,31.84,4643
30.47,30.59,4644
26.76,28.88,4645
30.4,42.22,4646
29.73,28.09,4647
31.24,29.18,4648
26.15,28.41,4649
28.93,23.23,4650
29.19,32.56,4651
30.19,26.27,4652
30.11,25.6,4653
34.25,41.7,4654
28.41,34.14,4655
31.71,20.52,4656
32.59,29.93,4657
30.15,28.05,4658
31.06,26.52,4659
29.84,25.42,4660
30.22,32.17,4661
29.95,23.14,4662
29.88,30.59,4663
53.91,26.83,4664
34.36,26.08,4665
42.77,38.77,4666
51.76,30.28,4667
50.25,27.9,4668
49.06,26.85,4669
51.28,24.34,4670
49.22,31.89,4671
50.48,26.75,4672
49.28,10.13,4673
48.29,20.31,4674
51.36,22.53,4675
52.06,22.79,4676
51.13,27.06,4677
51.45,25.91,4678
51.48,24.88,4679
56.73,26.24,4680
52.66,31.68,4681
50.06,9.54,4682
51.69,28.16,4683
49.7,36.53,4684
55.88,26.86,4685
51.35,21.31,4686
56.45,24.12,4687
71.11,43.5,4688
74.53,28.59,4689
74.81,27.05,4690
76.13,33.93,4691
69.84,26.46,4692
74.53,32.05,4693
72.77,8.89,4694
67.87,33.88,4695
68.03,18.06,4696
75.63,21.83,4697
73.45,9.58,4698
75.45,26.57,4699
76.37,28.73,4700
74.67,30,4701
75.02,27.68,4702
78.79,30.59,4703
72.47,18.52,4704
72.58,44.43,4705
75.83,31.9,4706
75.85,22.72,4707
79,29.32,4708
55.81,17.65,4709
68.57,41.64,4710
72.8,27.04,4711
72.43,23.53,4712
67.31,20.85,4713
69.44,25.79,4714
73.04,28.46,4715
71.16,8.21,4716
56.31,35.41,4717
69.36,30.05,4718
74.58,19.66,4719
72.12,41,4720
72.31,22.43,4721
72.94,26.97,4722
72.64,26.18,4723
73.36,23.49,4724
76.94,23.13,4725
71.25,30.34,4726
72.24,8.09,4727
73.65,27.97,4728
74.74,21.98,4729
77.26,23.67,4730
98.81,23.13,4731
100.21,23.6,4732
95.5,24.04,4733
101.52,33.82,4734
100.22,21.2,4735
100.75,22.18,4736
95.95,25.05,4737
102.08,9.78,4738
98.35,27.3,4739
100.22,19.71,4740
100.16,44.06,4741
108.42,42.34,4742
101,17.15,4743
108.89,10.16,4744
102.45,21.24,4745
102.79,24.93,4746
100.18,25.91,4747
101.43,21.23,4748
110.06,17.94,4749
99.68,30.55,4750
100.77,23.03,4751
110.55,33.16,4752
78.8,23.96,4753
90.46,42.66,4754
98.85,22.82,4755
99.33,20.14,4756
97.71,21.52,4757
97.25,18.75,4758
98.55,25.71,4759
88.96,8.83,4760
95.77,29.41,4761
93.27,12.48,4762
100.81,17.05,4763
98.54,42.1,4764
101.34,18.08,4765
98.96,21.43,4766
100.18,20.03,4767
100.13,19.26,4768
97.89,13.86,4769
97.19,8.42,4770
99.92,22.98,4771
103.45,21.81,4772
99.23,25.6,4773
104.43,21.05,4774
94.02,34.62,4775
74.36,15.59,4776
72.97,20.18,4777
74.76,24.27,4778
80.86,26.91,4779
79.39,30.47,4780
75.92,22.19,4781
74.27,22.26,4782
76.03,44.5,4783
84.41,17.49,4784
70.71,28.85,4785
75.93,34.38,4786
70.92,27.83,4787
72.43,24.67,4788
73.45,22.8,4789
74.14,23.73,4790
67.2,23.38,4791
72.32,20.81,4792
74.95,45.91,4793
72.3,22.07,4794
71.68,22.8,4795
68.58,23.02,4796
110.47,33.2,4797
106.58,9.8,4798
99.43,26.8,4799
99.27,30.8,4800
101.5,31.71,4801
100.51,27.44,4802
100.38,17.3,4803
99.22,28.08,4804
99.7,43.89,4805
109.44,19.3,4806
98.6,36.35,4807
97.99,43.66,4808
98.11,31.17,4809
98.28,27.59,4810
98.46,28.16,4811
98.43,29.25,4812
94.45,29.96,4813
99.67,9.79,4814
98.65,26.51,4815
97.95,16.79,4816
93.98,29.77,4817
97.71,35.03,4818
72.86,29.38,4819
71.13,29.39,4820
76.18,28.81,4821
71.13,10.11,4822
70.76,31.97,4823
71.64,31.43,4824
75.64,27.95,4825
70.81,42.04,4826
71.43,27.3,4827
72.15,33.78,4828
70.85,19.4,4829
65.8,10.74,4830
68.66,33,4831
64.4,42.47,4832
65.45,22.53,4833
70.57,30.34,4834
64.39,29.03,4835
70.62,26.41,4836
71.2,33.63,4837
48.85,16.78,4838
70.25,31.54,4839
47.94,36.64,4840
17.89,29.18,4841
18.34,29.71,4842
23.15,29.83,4843
19.61,14.22,4844
18.43,31.61,4845
17.55,30.96,4846
23.3,31.97,4847
18.7,37.51,4848
19.54,25.99,4849
18.48,33.78,4850
17.68,14.06,4851
14.83,12.69,4852
16.28,30.96,4853
13.59,41.3,4854
14.09,23.49,4855
17.79,33.65,4856
17.75,30.17,4857
12.39,29.19,4858
19.28,24.63,4859
6.71,15.86,4860
17.7,32.44,4861
7.72,37.62,4862
18.89,29.67,4863
17.36,28.5,4864
22.12,28.76,4865
16.69,18.57,4866
16.9,32.17,4867
17.48,31.43,4868
21.54,27.72,4869
16.37,34.01,4870
16.77,43.29,4871
18.14,26.41,4872
17.39,10.9,4873
11.87,10.78,4874
14.67,32.96,4875
10.59,44.47,4876
11.15,22.71,4877
16.61,34.9,4878
17.48,28.23,4879
10.48,28.99,4880
18.76,25.03,4881
6.93,16.14,4882
16.75,31.13,4883
6.27,37.95,4884
62.96,10.24,4885
64.73,30.87,4886
60.46,26.58,4887
77.2,31.55,4888
65.22,19.86,4889
64.27,25.43,4890
57.54,18.18,4891
60.01,24.21,4892
61.01,43.53,4893
74.78,17.17,4894
58.69,28.23,4895
60.66,9.51,4896
57.91,27.83,4897
59.39,24.3,4898
59.89,26.12,4899
59.52,26.69,4900
55.44,23.18,4901
60.54,33.53,4902
60.35,44.16,4903
59.54,22.96,4904
55.22,23.69,4905
58.32,18.51,4906
73.93,22.17,4907
74.22,23.88,4908
79.41,23.54,4909
75.3,39.26,4910
75.73,27.41,4911
74.31,24.59,4912
75.92,16.28,4913
73.61,21.54,4914
75.55,18.85,4915
74.13,39.54,4916
79.1,21.95,4917
72.15,13.73,4918
69.85,21.56,4919
72.46,41.4,4920
68.5,33.06,4921
73.66,24.98,4922
75.32,28.52,4923
64.37,26.28,4924
75.23,17.63,4925
56.51,37.56,4926
73.26,22.05,4927
52.98,16.85,4928
59.4,30.9,4929
58.98,28.4,4930
54.47,29.01,4931
61.14,10.51,4932
58.55,25.96,4933
57.93,30.22,4934
58.99,42.65,4935
59.82,31.93,4936
59.76,33.7,4937
58.87,20.47,4938
54.62,28.01,4939
64.35,42.74,4940
62.18,31.51,4941
64.58,13.36,4942
64.91,22.61,4943
60.05,28.15,4944
64.77,29.46,4945
58.38,34.95,4946
59.19,24.62,4947
82.18,16.01,4948
60.1,31.27,4949
80.79,35.93,4950
79.76,31.18,4951
79.97,29.66,4952
74.76,29.66,4953
77.95,14.54,4954
80.01,27.8,4955
79.81,29.25,4956
78.05,38.57,4957
79.17,31.54,4958
78.87,33.09,4959
79.73,14.73,4960
75.02,28.3,4961
81.69,38.18,4962
83.55,32.51,4963
80.19,13.37,4964
85.69,21.46,4965
80.06,30.38,4966
86.71,28,4967
79.18,32.57,4968
80.49,27.25,4969
101.34,15.47,4970
80.57,31.28,4971
102.1,35.98,4972
32.97,29.13,4973
33.71,27.5,4974
29.77,29.54,4975
32.59,24.42,4976
33.3,26.63,4977
26.8,27.86,4978
32.87,33.23,4979
32.71,31.38,4980
29.54,24.67,4981
33.57,32.28,4982
34.52,15.06,4983
33.34,37.13,4984
33.55,33.19,4985
32.61,20.43,4986
36.4,25.11,4987
33.26,29.69,4988
33.05,23.17,4989
39.23,27.91,4990
45.88,35.6,4991
33.2,31.72,4992
33.61,26.15,4993
42.71,16.83,4994
39.31,23.68,4995
40.93,24.34,4996
36.07,24.18,4997
39.22,39.15,4998
40.94,19.68,4999
39.4,20.27,5000
36.56,24.95,5001
41.08,9.81,5002
40.4,24.81,5003
39.79,13.02,5004
40.67,37.66,5005
49.83,42.12,5006
38.82,18.44,5007
48.5,8.13,5008
48.91,17.36,5009
40.07,27.38,5010
39.71,22,5011
41.2,24.84,5012
64.78,16.44,5013
42.5,33.64,5014
48.3,26.04,5015
63.31,37.14,5016
18.75,37.86,5017
21.1,27.19,5018
16.67,20.4,5019
12.52,20.73,5020
16.82,25.27,5021
16.5,29.1,5022
22.45,35.51,5023
20.25,29.52,5024
14.71,8.44,5025
8.9,29.69,5026
22.41,23.2,5027
20.14,17.77,5028
22.9,23.76,5029
20.06,28.13,5030
21.75,26.61,5031
20.87,25.68,5032
20.41,20.97,5033
20.67,7.16,5034
21.29,29.29,5035
25.67,28.24,5036
21.94,34.91,5037
26.4,27.61,5038
65.46,28.46,5039
64.11,26.34,5040
61.57,28.11,5041
66.2,23.99,5042
65.17,25.05,5043
60.88,27.13,5044
67.06,30.96,5045
66.05,36.58,5046
64.89,29.94,5047
62.35,25.43,5048
64.45,23.05,5049
65.45,34.8,5050
67.46,24.28,5051
64.66,22.25,5052
68.22,30.5,5053
65.94,28.65,5054
72.42,26.52,5055
64.99,30.9,5056
65.69,25.13,5057
81.03,36.33,5058
64.72,27.07,5059
75.98,21.29,5060
82.41,29.93,5061
82.96,28.36,5062
83.6,33.76,5063
83.66,24.45,5064
87.4,29.61,5065
83.02,22.65,5066
82.38,20.34,5067
81.63,38.27,5068
82.97,27.53,5069
87.1,28.66,5070
82.89,30.61,5071
73.32,34.12,5072
82.25,30.84,5073
81.05,28.86,5074
68.22,24.02,5075
83.38,25.04,5076
76.5,40.84,5077
77.02,18.21,5078
81.45,22.48,5079
82.18,28.07,5080
82.78,34.16,5081
80.48,30.86,5082
67.08,28.09,5083
67.08,27.45,5084
67.14,30.66,5085
67.97,34.36,5086
71.34,29.89,5087
67.87,16.3,5088
67.33,11.46,5089
67.79,32.3,5090
67.95,25.44,5091
70.77,30.62,5092
66.56,29.88,5093
52.95,20.12,5094
63.53,33.97,5095
66.84,34.58,5096
67.14,24.55,5097
65.8,30.31,5098
58.27,11.23,5099
62.33,18.23,5100
62.03,37.83,5101
66.75,32.09,5102
62.72,29.79,5103
66.29,27.87,5104
93.66,24.14,5105
83.75,27.26,5106
92.81,42.82,5107
86.94,27.52,5108
82.4,25.43,5109
88.73,18.46,5110
85.05,33.55,5111
94.87,36.39,5112
82.64,29.47,5113
84.02,22.12,5114
85.88,29.61,5115
79.38,26.47,5116
82.87,27.18,5117
85.9,35.47,5118
87.41,43.34,5119
81.73,24.63,5120
83.83,22.56,5121
83.73,30.96,5122
83.42,32.67,5123
84.54,28.06,5124
79.15,27.81,5125
82.05,29.21,5126
32.9,16.02,5127
24.76,21.67,5128
32.47,39.67,5129
39.56,32.3,5130
26.1,19.25,5131
24.46,18.45,5132
26.34,16.54,5133
32.97,11.74,5134
25.55,23.48,5135
24.38,27.3,5136
23.75,17.37,5137
19.83,21.36,5138
23.4,18.55,5139
23.49,26.11,5140
27.53,40.49,5141
23.06,17.11,5142
25.32,16.43,5143
24.79,23.59,5144
23.96,19.48,5145
19.05,20.56,5146
23.78,21.29,5147
25.73,11.45,5148
74.14,30.17,5149
74.69,28.52,5150
75.77,32.92,5151
75.29,25.64,5152
78.96,29.28,5153
73.64,37.52,5154
74.08,26.09,5155
75.04,43.39,5156
73.98,27.85,5157
79.28,28.52,5158
74.37,31.28,5159
58.05,28.94,5160
73.04,26.33,5161
69.86,38.35,5162
75.52,33.7,5163
74.21,30.62,5164
66.52,43.47,5165
72.43,32.35,5166
71.11,20.95,5167
73.73,28.29,5168
73.03,29.09,5169
74.63,25.59,5170
67.79,26.79,5171
69.8,25.93,5172
69.3,29.81,5173
69.64,22.41,5174
72.67,25.73,5175
66.57,43.33,5176
68.87,25.41,5177
68.87,23.8,5178
72.68,24.95,5179
68.05,27.63,5180
70.92,23.38,5181
55.26,31.14,5182
66.82,23.93,5183
68.44,23.77,5184
69.04,22.19,5185
67.79,27.36,5186
65.61,42.93,5187
66.29,28.08,5188
65.52,18.13,5189
68.79,26.02,5190
69.64,26.44,5191
68.84,30.24,5192
22.07,25.34,5193
22.8,23.44,5194
23.04,26.38,5195
24.25,21.47,5196
27.33,24.37,5197
24.79,29.14,5198
21.97,22.63,5199
22.67,11.56,5200
23.27,29.18,5201
27.59,25.27,5202
23.04,25.53,5203
18.21,29.12,5204
22.51,26.05,5205
20.69,28.81,5206
17.6,16.91,5207
21.41,10.46,5208
17.47,33.93,5209
19.66,22.73,5210
23.47,28.21,5211
21.02,25.75,5212
22.36,23.87,5213
24.19,20.66,5214
13.81,32.81,5215
14.28,30.79,5216
16.04,34.27,5217
15.57,31.69,5218
18.82,30.88,5219
13.14,42.8,5220
14.39,27.12,5221
12.41,10.46,5222
12.36,42.53,5223
19.32,31.42,5224
14.44,33.75,5225
12.7,36.88,5226
13.82,34.07,5227
12.6,25.08,5228
8.63,24.97,5229
15.7,34.91,5230
11.2,10.89,5231
11.24,43.12,5232
13.39,30.33,5233
14.63,26.68,5234
9.07,32.71,5235
12.16,32.6,5236
22.03,17.42,5237
15.26,20.83,5238
25.32,43.52,5239
27.15,29.59,5240
18.37,21.71,5241
16.23,18.19,5242
15.1,19.65,5243
17.87,14.98,5244
16.93,25.02,5245
23.45,37.19,5246
14.89,15.13,5247
11.59,21.34,5248
15.26,17.8,5249
16.87,34.63,5250
20.7,43.57,5251
15.9,16.26,5252
14.31,15.66,5253
17.24,22.23,5254
14.68,19.99,5255
11.42,20.84,5256
14.84,21.3,5257
16.16,25,5258
28.84,16.36,5259
26.9,20.4,5260
29.8,41.97,5261
40.69,25.37,5262
28.66,22.25,5263
29.7,19.16,5264
35.15,11.35,5265
26.61,26.51,5266
32.77,33.1,5267
24.65,15.54,5268
25.74,19.58,5269
22.67,21.55,5270
27.65,18.36,5271
27.94,33.05,5272
27.91,41.06,5273
25.93,16.69,5274
22.07,20.46,5275
27.18,23.36,5276
24.8,16.1,5277
25.04,20.18,5278
26.01,20.98,5279
27.33,10.87,5280
59.54,29.61,5281
65.04,9.9,5282
61.06,19.01,5283
68.93,25.28,5284
68.25,28.24,5285
66.31,34.24,5286
72.48,21.6,5287
70.18,16.31,5288
71.71,30.35,5289
71.72,25.14,5290
71.66,28.42,5291
76.92,27.67,5292
72.47,28.07,5293
73.43,19.98,5294
72.68,10.21,5295
73.44,28.75,5296
72.64,30.33,5297
73.43,22.61,5298
72.45,25.96,5299
76.61,28.1,5300
72.58,25.16,5301
73.68,16.3,5302
31.1,29.42,5303
33.02,30.31,5304
31.79,27.85,5305
27.33,28.99,5306
29.19,40.71,5307
30.18,31.82,5308
33.19,47.79,5309
31.32,39.29,5310
33.58,11.23,5311
27.07,29.81,5312
31.35,28.69,5313
39.71,20.83,5314
33.97,32.65,5315
39.45,47.61,5316
30.16,32.41,5317
32.78,27.93,5318
41.07,11.93,5319
34.38,35.23,5320
32.38,29.01,5321
44.97,35.56,5322
35.24,29.49,5323
31.16,24.43,5324
47.43,17.97,5325
63.12,22.43,5326
58.18,45.7,5327
48.1,33.01,5328
56.12,22.51,5329
63.69,23.18,5330
58.9,12.68,5331
64.94,18.32,5332
56.06,38.07,5333
66.43,29.38,5334
57.26,30.15,5335
68.5,26.49,5336
63.73,24.23,5337
60.05,37.65,5338
59.3,46.34,5339
66.36,28.31,5340
65.76,18.84,5341
58.89,16.95,5342
63.9,22.67,5343
58.34,33.2,5344
67.17,27.41,5345
64.59,23.8,5346
26.18,16.9,5347
40.43,20.98,5348
37.54,43,5349
27.09,32.78,5350
35.71,26.49,5351
37.18,9.76,5352
38.9,18.51,5353
34.34,37.91,5354
38.45,23.79,5355
39.76,27.94,5356
34.9,21.98,5357
43.92,23.86,5358
40.69,23.56,5359
39.09,36.61,5360
38.82,43.48,5361
38.51,25.86,5362
39.2,20.46,5363
38.61,10.45,5364
39.65,23.96,5365
40.45,20.06,5366
43.4,24.79,5367
39.14,31.86,5368
15.46,22.87,5369
20.96,44.31,5370
14.07,35.37,5371
20.21,30.19,5372
18.42,17.06,5373
22.76,22.9,5374
17.79,39.77,5375
24.11,32.12,5376
22.82,28.76,5377
22.21,24.39,5378
19.71,25.12,5379
28.05,25.96,5380
23.8,28.82,5381
22.89,34.6,5382
22.48,44.7,5383
24.89,30.64,5384
23.59,22.78,5385
22.95,24.22,5386
23.47,28.09,5387
27.48,25.43,5388
23.17,24.92,5389
23.07,37.87,5390
12.64,36.52,5391
19.29,32.68,5392
15.87,10.95,5393
19.69,34.27,5394
18.71,33.64,5395
20.09,28.78,5396
18.35,27.27,5397
20.7,37.51,5398
20.3,34.72,5399
20.34,31.18,5400
